0,1,2.2965364412500446,-0.0735648505734971,0,1,0,0,0,1,0,0,0,1,0,0,0,0,0,0,0,0,0,0,0,0,0,0,0,1,0,0,0,0.2362165537729398,1,0,1,0,0.7045157264660926,0,1,0,0,1,-0.8168020154605861,-0.086442960383854,+
0,1,-0.5219130316321727,-0.5463685124668363,0,1,0,0,0,1,0,0,0,0,0,0,0,0,0,0,0,0,1,0,0,0,0,0,0,1,0,0,0,0.1501257931074569,1,0,0,1,-0.5040186939779314,1,0,0,0,1,1.0682188773591248,-0.1929342717310325,-
1,0,0.2676585963438295,-0.7464391146574914,0,1,0,0,0,1,0,0,0,0,1,0,0,0,0,0,0,0,0,0,0,1,0,0,0,0,0,0,0,-0.3204047436331996,0,1,0,1,-0.5040186939779314,0,1,1,0,0,-0.9059985876760298,-0.1931247749713673,-
1,0,0.2253903079082834,0.083704578014182,0,1,0,0,0,1,0,1,0,0,0,0,0,0,0,0,0,0,0,0,0,1,0,0,0,0,0,0,0,-0.641018610939136,0,1,0,1,-0.5040186939779314,1,0,0,0,1,0.6519682070203874,-0.1919817555293582,+
1,0,1.4156653102532628,4.03236168692129,0,1,0,0,0,1,0,1,0,0,0,0,0,0,0,0,0,0,0,0,0,1,0,0,0,0,0,0,0,-0.1467388988424841,1,0,1,0,0.1002485162440806,0,1,0,0,1,-0.3589262780879749,-0.1904577296066795,+
0,1,-1.063792489375874,0.8800054822555954,1,0,0,1,0,0,0,0,0,0,0,0,0,0,0,0,0,0,1,0,0,1,0,0,0,0,0,0,0,-0.3693874178049399,1,0,1,0,0.3016709196514179,1,0,0,0,1,-0.5967838039958249,-0.0978731548039447,+
1,0,0.0351830099483257,-0.0735648505734971,0,1,0,0,0,1,0,0,0,0,0,0,0,0,0,0,0,1,0,0,0,0,0,0,0,1,0,0,0,1.1268106296227631,1,0,1,0,0.1002485162440806,0,1,0,0,1,0.7768434081220086,-0.1359738028709137,+
0,1,0.2042561636905103,-0.645906125497013,1,0,0,1,0,0,0,0,0,0,0,0,0,0,1,0,0,0,0,0,0,0,0,0,0,0,1,0,0,-0.666252109754881,1,0,0,1,-0.5040186939779314,0,1,0,0,1,0.8303613514512749,-0.1931247749713673,-
0,1,-0.6698520411565843,-0.7962079211725797,0,1,0,0,0,1,0,0,0,1,0,0,0,0,0,0,0,0,0,0,0,1,0,0,0,0,0,0,0,-0.5430532625956555,0,1,1,0,-0.302596290570594,1,0,0,0,1,0.1167887737277249,-0.191029239327684,-
1,0,-0.1127559995760857,-0.7454437385271896,1,0,0,1,0,0,0,0,0,0,0,0,0,0,0,0,0,0,1,0,0,1,0,0,0,0,0,0,0,-0.6543775220768834,0,1,0,1,-0.5040186939779314,0,1,0,0,1,-0.0616043707031624,-0.15902469495143,-
1,0,-1.0714007812942727,-0.8788241399876263,1,0,0,1,0,0,0,0,0,0,0,0,0,0,0,0,0,0,1,0,0,1,0,0,0,0,0,0,0,-0.6172694355831407,0,1,1,0,-0.302596290570594,0,1,0,0,1,0.1167887737277249,-0.1929342717310325,-
0,1,-0.8668222652662292,-0.4965997059517479,0,1,0,0,0,1,0,0,0,0,0,0,0,1,0,0,0,0,0,0,0,0,0,0,0,0,0,0,1,-0.5178197637799105,1,0,1,0,0.3016709196514179,0,1,1,0,0,-0.5967838039958249,-0.1931247749713673,+
1,0,1.6760379670162269,1.0293119018008603,0,1,0,0,0,1,0,0,0,0,0,0,0,1,0,0,0,0,0,0,0,0,0,0,0,0,0,0,1,-0.666252109754881,1,0,1,0,1.7116277435027794,0,1,0,0,1,-1.0724988558115247,0.0448137722068543,+
0,1,-0.7611515441773639,-0.8788241399876263,0,1,0,0,0,1,0,0,0,0,0,0,0,1,0,0,0,0,0,0,0,1,0,0,0,0,0,0,0,-0.5668024379516508,0,1,0,1,-0.5040186939779314,1,0,1,0,0,-0.2162117625432649,-0.1931247749713673,-
0,1,0.3800922435823821,-0.7623651327423197,0,1,0,0,0,1,0,0,0,0,0,0,0,0,0,0,0,0,1,0,0,1,0,0,0,0,0,0,0,-0.0725227258549988,1,0,1,0,1.7116277435027794,0,1,0,0,1,-1.0724988558115247,-0.1062552973786779,+
1,0,-1.042658345158101,-0.961440358802673,1,0,0,1,0,0,0,0,0,0,1,0,0,0,0,0,0,0,0,0,0,0,0,0,0,0,0,0,1,-0.666252109754881,0,1,0,1,-0.5040186939779314,1,0,1,0,0,1.9007202180366,-0.1929342717310325,+
1,0,-0.9302246979195484,-0.4806736878669196,0,1,0,0,0,1,0,0,0,0,0,0,0,0,0,0,0,0,1,0,0,1,0,0,0,0,0,0,0,-0.0725227258549988,1,0,1,0,1.7116277435027794,1,0,0,0,1,0.1167887737277249,0.3783849460331684,+
0,1,-0.7611515441773639,0.7227360536679164,1,0,0,1,0,0,1,0,0,0,0,0,0,0,0,0,0,0,0,0,0,1,0,0,0,0,0,0,0,0.064035032441974,0,1,0,1,-0.5040186939779314,0,1,0,0,1,-0.0972829995893399,-0.1931247749713673,+
1,0,-0.8177910506809958,-0.9116715522875848,0,1,0,0,0,1,0,0,0,0,0,0,0,0,0,0,1,0,0,0,0,0,0,0,0,1,0,0,0,-0.4688370896081701,1,0,0,1,-0.5040186939779314,1,0,0,0,1,-1.0724988558115247,-0.1931247749713673,+
0,1,-0.9158534798514626,-0.364214680621613,0,1,0,0,0,1,0,0,0,1,0,0,0,0,0,0,0,0,0,0,0,1,0,0,0,0,0,0,0,-0.6172694355831407,1,0,1,0,0.1002485162440806,0,1,0,0,1,-0.4778550410418999,-0.1919817555293582,+
1,0,0.2532873782757437,-0.1571764455188455,1,0,0,1,0,0,0,0,0,0,0,0,0,1,0,0,0,0,0,0,0,0,0,0,0,0,0,0,1,1.857097771819618,1,0,1,0,0.90593812987343,1,0,0,0,1,0.0870565829892437,-0.1931247749713673,+
1,0,0.4925258908209348,0.3325486105896237,0,1,0,0,0,1,0,0,0,0,1,0,0,0,0,0,0,0,0,0,0,0,0,0,0,1,0,0,0,0.5954228310323685,1,0,1,0,1.9130501469101169,1,0,0,0,1,-0.5194801080757736,-0.1931247749713673,+
0,1,1.5703672459273614,1.5349629759941577,0,1,0,0,0,1,0,0,0,0,0,0,0,0,0,0,0,0,0,1,0,1,0,0,0,0,0,0,0,0.013568034810484,1,0,1,0,0.1002485162440806,1,0,0,0,1,-0.1448545047709099,-0.1931247749713673,+
1,0,-0.310571589454442,-0.6548645106697288,0,1,0,0,0,1,0,1,0,0,0,0,0,0,0,0,0,0,0,0,0,1,0,0,0,0,0,0,0,0.4469904850573979,1,0,1,0,0.5030933230587553,1,0,0,0,1,-0.4778550410418999,-0.1925532652503628,+
0,1,-0.5143047397137742,-0.7374807294847755,0,1,0,0,0,1,0,0,0,1,0,0,0,0,0,0,0,0,0,0,0,1,0,0,0,0,0,0,0,-0.283296657139457,1,0,1,0,-0.1011738871632567,0,1,0,0,1,0.1167887737277249,-0.1931247749713673,-
1,0,-0.7966569064632227,1.3199617318489765,0,1,0,0,0,1,0,0,0,0,0,1,0,0,0,0,0,0,0,0,0,1,0,0,0,0,0,0,0,-0.1957215730142244,0,1,0,1,-0.5040186939779314,1,0,0,0,1,-0.4778550410418999,0.0377651523144651,-
0,1,-0.2395608648827242,-0.7544021236999056,0,1,0,0,0,1,0,0,0,0,0,0,0,0,0,0,0,0,1,0,0,1,0,0,0,0,0,0,0,0.0759096201199716,1,0,1,0,0.5030933230587553,1,0,0,0,1,0.7114325884973499,0.0792948587074613,+
0,1,2.7538793221226534,-0.9285929465027148,0,1,0,0,0,1,0,0,0,0,0,0,0,0,1,0,0,0,0,0,0,0,0,0,0,0,1,0,0,-0.666252109754881,1,0,1,0,-0.302596290570594,0,1,0,0,1,0.3070747944540049,-0.1740744509378828,+
0,1,0.7461356214342116,0.5395868456923911,1,0,0,1,0,0,0,0,0,1,0,0,0,0,0,0,0,0,0,0,0,0,0,0,0,1,0,0,0,1.7086654258446474,1,0,1,0,2.315894953724792,0,1,0,0,1,-1.0724988558115247,0.2450326777987767,+
0,1,1.3733970218177165,0.6311614496801536,0,1,0,0,0,1,0,0,0,0,0,0,0,0,0,0,0,0,1,0,0,1,0,0,0,0,0,0,0,1.671557339350905,1,0,1,0,0.7045157264660926,1,0,0,0,1,-1.0724988558115247,0.0469093078505376,+
1,0,-0.4931705954960011,-0.9037085432451704,1,0,0,1,0,0,0,0,0,0,0,0,0,0,0,0,0,0,1,0,0,1,0,0,0,0,0,0,0,-0.2209550718299694,0,1,0,1,-0.5040186939779314,1,0,0,0,1,-0.1210687521801249,-0.1931247749713673,-
1,0,0.1408537310371911,-0.7623651327423197,0,1,0,0,0,1,1,0,0,0,0,0,0,0,0,0,0,0,0,0,0,1,0,0,0,0,0,0,0,-0.4436035907924252,1,0,1,0,0.90593812987343,1,0,0,0,1,0.9492901144051998,0.5824139164317876,+
1,0,-0.4018710924752215,-0.7374807294847755,0,1,0,0,0,1,1,0,0,0,0,0,0,0,0,0,0,0,0,0,0,0,0,0,0,1,0,0,0,-0.2951712448174546,1,0,0,1,-0.5040186939779314,0,1,0,0,1,-1.0724988558115247,0.8161613923226428,+
1,0,-0.860059339116542,1.1288495148310371,0,1,0,0,0,1,0,0,0,0,0,0,0,0,0,0,0,0,1,0,0,1,0,0,0,0,0,0,0,0.2243419660949422,1,0,0,1,-0.5040186939779314,1,0,0,0,1,-1.0724988558115247,-0.1931247749713673,+
1,0,-0.746780326109278,-0.4557892846093755,1,0,0,1,0,0,0,0,0,0,0,0,0,0,0,0,0,0,1,0,0,0,0,0,0,1,0,0,0,0.1011431189357166,1,0,0,1,-0.5040186939779314,0,1,0,0,1,-1.0724988558115247,-0.1931247749713673,+
1,0,-0.8456881210484561,1.3279247408913903,0,1,0,0,0,1,0,0,0,0,0,0,0,1,0,0,0,0,0,0,0,1,0,0,0,0,0,0,0,-0.5178197637799105,1,0,0,1,-0.5040186939779314,1,0,0,0,1,-0.4778550410418999,-0.1801705546285978,-
1,0,0.2887927405616026,-0.4637522936517896,0,1,0,0,0,1,0,1,0,0,0,0,0,0,0,0,0,0,0,0,0,1,0,0,0,0,0,0,0,-0.666252109754881,1,0,0,1,-0.5040186939779314,1,0,0,0,1,0.3486998614878787,-0.1550241269043983,+
1,0,-0.2962003713863562,-0.5632899066819663,0,1,0,0,0,1,0,0,0,0,0,1,0,0,0,0,0,0,0,0,0,0,0,0,0,1,0,0,0,0.5701893322166235,1,0,1,0,-0.1011738871632567,1,0,0,0,1,0.0038064489214962,-0.1931247749713673,+
0,1,-0.5498101019996331,1.2283871278612135,1,0,0,1,0,0,0,0,0,0,0,0,0,0,0,0,0,0,0,1,0,1,0,0,0,0,0,0,0,0.6696390040198538,1,0,0,1,-0.5040186939779314,0,1,0,0,1,-0.3589262780879749,-0.1931247749713673,-
1,0,2.070823781004228,1.5269999669517438,0,1,0,0,0,1,0,0,0,0,0,1,0,0,0,0,0,0,0,0,0,0,0,0,0,1,0,0,0,1.7086654258446474,1,0,0,1,-0.5040186939779314,1,0,0,0,1,-0.9297843402668148,0.1932157964276988,+
1,0,0.7114756249170641,0.0339357714990936,0,1,0,0,0,1,0,0,0,0,0,0,0,1,0,0,0,0,0,0,0,0,0,0,0,0,0,0,1,-0.6039105244453934,0,1,0,1,-0.5040186939779314,0,1,0,0,1,2.198042125421412,-0.1931247749713673,-
1,0,-0.6833778934559588,-0.7623651327423197,0,1,0,0,0,1,0,0,0,0,0,0,0,0,0,0,0,0,1,0,0,1,0,0,0,0,0,0,0,-0.5178197637799105,0,1,0,1,-0.5040186939779314,1,0,1,0,0,0.5925038255434248,-0.1931247749713673,-
1,0,-0.1550242880116319,-0.812133939257408,1,0,0,1,0,0,0,0,0,0,0,0,0,0,0,0,0,0,1,0,0,1,0,0,0,0,0,0,0,-0.6543775220768834,0,1,0,1,-0.5040186939779314,0,1,0,0,1,0.3546462996355749,-0.1931247749713673,-
0,1,-1.042658345158101,0.1165519903141403,0,1,0,0,0,1,0,0,0,0,0,0,0,1,0,0,0,0,0,0,0,0,0,0,0,1,0,0,0,-0.5801613490893981,0,1,0,1,-0.5040186939779314,0,1,0,0,1,-0.5967838039958249,-0.1009212066493022,-
1,0,0.5981966119098001,-0.2975244798913946,0,1,0,0,0,1,0,1,0,0,0,0,0,0,0,0,0,0,0,0,0,1,0,0,0,0,0,0,0,0.5212066580448832,1,0,1,0,2.315894953724792,0,1,0,0,1,1.2049869547561385,0.0629115800386646,+
0,1,1.0842819289185808,-0.961440358802673,0,1,0,0,0,1,0,0,0,0,0,0,0,0,0,0,0,0,1,0,0,1,0,0,0,0,0,0,0,0.0759096201199716,1,0,0,1,-0.5040186939779314,0,1,0,0,1,-1.0724988558115247,-0.1931247749713673,+
1,0,-0.9724929863550944,-0.7125963262272313,1,0,0,1,0,0,0,0,0,0,0,1,0,0,0,0,0,0,0,0,0,1,0,0,0,0,0,0,0,-0.6291440232611384,0,1,0,1,-0.5040186939779314,0,1,0,0,1,-0.2399975151340499,-0.1923627620100279,-
0,1,1.5847384639954474,-0.795212545042278,0,1,0,0,0,1,0,0,0,0,0,0,0,0,0,0,0,0,0,1,0,1,0,0,0,0,0,0,0,-0.5178197637799105,0,1,0,1,-0.5040186939779314,1,0,0,0,1,0.3546462996355749,-0.1708358958521904,-
0,1,0.4925258908209348,-0.4637522936517896,0,1,0,0,0,1,0,0,0,0,0,0,0,1,0,0,0,0,0,0,0,0,0,0,0,1,0,0,0,-0.6039105244453934,0,1,0,1,-0.5040186939779314,0,1,0,0,1,0.4735750625894999,-0.1462609778489954,-
1,0,-0.6554808230884984,1.427462353921567,0,1,0,0,0,1,0,0,0,0,0,0,0,0,0,0,0,0,1,0,0,1,0,0,0,0,0,0,0,-0.0472892270392539,0,1,0,1,-0.5040186939779314,0,1,1,0,0,-0.5967838039958249,-0.1931247749713673,-
1,0,0.9574770636119424,-0.7125963262272313,0,1,0,0,0,1,0,0,0,0,1,0,0,0,0,0,0,0,0,0,0,1,0,0,0,0,0,0,0,3.4527454910505515,0,1,1,0,-0.302596290570594,1,0,0,0,1,1.0206473721775549,-0.1717884120538646,-
1,0,-0.5498101019996331,1.5269999669517438,0,1,0,0,0,1,0,0,0,0,0,0,0,0,0,0,0,0,0,1,0,1,0,0,0,0,0,0,0,0.2243419660949422,1,0,0,1,-0.5040186939779314,1,0,1,0,0,-0.9535700928575996,-0.1931247749713673,+
1,0,1.0775190027688937,-0.8619027457724964,0,1,0,0,0,1,0,0,0,0,1,0,0,0,0,0,0,0,0,0,0,1,0,0,0,0,0,0,0,2.525043328706986,1,0,0,1,-0.5040186939779314,0,1,1,0,0,1.3060764032669747,-0.1931247749713673,-
0,1,0.1332454391187925,-0.6379431164545988,0,1,0,0,0,1,0,0,0,0,0,0,0,0,0,0,1,0,0,0,0,1,0,0,0,0,0,0,0,-0.5059451761019128,0,1,0,1,-0.5040186939779314,1,0,0,0,1,-1.0724988558115247,-0.1931247749713673,-
1,0,0.8805487786592486,-0.8778287638573246,0,1,0,0,0,1,0,0,0,0,0,0,0,0,0,0,0,0,1,0,0,0,0,0,0,1,0,0,0,-0.6039105244453934,1,0,1,0,0.7045157264660926,0,1,0,0,1,0.2357175366816499,-0.012527703133934,+
1,0,1.1409214354222128,0.7306990627103304,0,1,0,0,0,1,0,0,0,0,0,0,0,0,0,0,0,1,0,0,0,0,0,0,0,1,0,0,0,3.4898535775442943,1,0,1,0,-0.302596290570594,1,0,0,0,1,-0.5492122988142549,0.1878817056983232,+
1,0,0.9929824258978012,-0.364214680621613,0,1,0,0,0,1,0,0,0,1,0,0,0,0,0,0,0,0,0,0,0,0,0,0,0,1,0,0,0,1.1149360419447654,1,0,1,0,1.7116277435027794,0,1,0,0,1,-0.5967838039958249,-0.1931247749713673,+
1,0,0.0419459360980129,-0.6130587131970546,1,0,0,1,0,0,0,0,0,0,0,0,0,0,0,1,0,0,0,0,0,0,0,0,0,1,0,0,0,-0.6543775220768834,1,0,0,1,-0.5040186939779314,1,0,0,0,1,1.264451336233101,-0.1931247749713673,+
1,0,-0.450902307060455,-0.795212545042278,0,1,0,0,0,1,0,0,0,0,0,0,0,0,0,0,0,1,0,0,0,1,0,0,0,0,0,0,0,-0.3204047436331996,0,1,0,1,-0.5040186939779314,0,1,0,0,1,-0.4778550410418999,-0.1931247749713673,-
1,0,-0.2750662271685831,0.0418987805415078,1,0,0,1,0,0,0,0,0,0,0,0,0,0,0,0,0,0,1,0,0,0,0,0,0,0,0,0,1,-0.2209550718299694,1,0,1,0,1.1073605332807674,1,0,0,0,1,-0.2162117625432649,-0.1917912522890234,+
0,1,-1.0079983486409534,-0.829055333472538,0,1,0,0,0,1,0,1,0,0,0,0,0,0,0,0,0,0,0,0,0,1,0,0,0,0,0,0,0,-0.1719723976582291,0,1,0,1,-0.5040186939779314,0,1,0,0,1,0.2357175366816499,-0.1921722587696931,-
1,0,0.5068971088890206,-0.795212545042278,0,1,0,0,0,1,0,0,0,0,0,0,0,0,0,1,0,0,0,0,0,1,0,0,0,0,0,0,0,-0.6543775220768834,0,1,0,1,-0.5040186939779314,0,1,0,0,1,-0.3589262780879749,-0.1921722587696931,-
1,0,-0.8879564094840022,-0.0078700259735805,1,0,0,1,0,0,0,1,0,0,0,0,0,0,0,0,0,0,0,0,0,1,0,0,0,0,0,0,0,0.0016934471324863,1,0,1,0,-0.302596290570594,1,0,0,0,1,-0.5967838039958249,-0.1359738028709137,+
0,1,-0.3240974417538165,-0.662827519712143,0,1,0,0,0,1,0,0,0,0,1,0,0,0,0,0,0,0,0,0,0,1,0,0,0,0,0,0,0,-0.0725227258549988,1,0,0,1,-0.5040186939779314,0,1,1,0,0,1.1157903825406947,-0.1931247749713673,-
1,0,-1.021524200940328,0.3325486105896237,0,1,0,0,0,1,0,1,0,0,0,0,0,0,0,0,0,0,0,0,0,0,0,0,0,1,0,0,0,-0.232829659507967,1,0,1,0,0.90593812987343,0,1,0,0,1,-0.5967838039958249,0.3696217969777655,+
0,1,0.0698430064654732,-0.8539397367300822,0,1,0,0,0,1,0,0,0,0,0,0,0,0,0,0,0,1,0,0,0,1,0,0,0,0,0,0,0,-0.6543775220768834,1,0,0,1,-0.5040186939779314,0,1,0,0,1,1.5439339291748246,1.9361299422511984,+
1,0,2.106329143290087,4.61266597088722,1,0,0,1,0,0,0,0,0,0,0,0,0,0,0,0,0,0,1,0,0,1,0,0,0,0,0,0,0,7.794391610818439,1,0,1,0,7.552877442315562,0,1,0,0,1,-1.0724988558115247,-0.1902672263663446,+
1,0,-0.6766149673062716,-0.4139834871367013,0,1,0,0,0,1,0,0,0,0,0,0,0,0,1,0,0,0,0,0,0,0,0,0,0,0,1,0,0,0.6696390040198538,0,1,0,1,-0.5040186939779314,0,1,0,0,1,-0.1210687521801249,-0.1883621939629962,-
1,0,-1.177071502383138,1.0293119018008603,0,1,0,0,0,1,0,1,0,0,0,0,0,0,0,0,0,0,0,0,0,0,0,0,0,1,0,0,0,-0.6172694355831407,0,1,1,0,-0.302596290570594,0,1,0,0,1,-0.3589262780879749,-0.1929342717310325,-
1,0,-0.9513588421373216,1.0213488927584464,0,1,0,0,0,1,0,0,0,0,0,0,0,0,0,1,0,0,0,0,0,0,0,0,0,0,0,1,0,-0.666252109754881,1,0,0,1,-0.5040186939779314,0,1,0,0,1,-1.0724988558115247,-0.1931247749713673,+
1,0,-1.1905973546825126,0.3325486105896237,0,1,0,0,0,1,0,0,0,0,0,0,0,1,0,0,0,0,0,0,0,1,0,0,0,0,0,0,0,-0.6291440232611384,0,1,0,1,-0.5040186939779314,0,1,0,0,1,-0.7157125669497498,-0.1740744509378828,-
1,0,0.6759702626312052,-0.1153706480461713,0,1,0,0,0,1,0,0,0,0,0,0,0,0,0,0,0,0,1,0,0,0,0,0,0,0,0,0,1,1.263368387919736,1,0,1,0,2.718739760539466,0,1,0,0,1,-0.3767655925310637,0.0373841458337954,+
1,0,-0.4864076693463138,-0.8619027457724964,0,1,0,0,0,1,0,0,0,0,0,0,0,0,0,0,0,0,1,0,0,1,0,0,0,0,0,0,0,-0.232829659507967,1,0,1,0,0.5030933230587553,1,0,0,0,1,0.7827898462697048,-0.1931247749713673,+
0,1,-1.177071502383138,0.830236675740507,0,1,0,0,0,1,0,0,0,0,0,0,0,0,0,0,0,0,0,1,0,1,0,0,0,0,0,0,0,-0.258063158323712,1,0,0,1,-0.5040186939779314,1,0,0,0,1,-1.0724988558115247,-0.1931247749713673,+
1,0,0.7393726952845244,3.318677001494924,0,1,0,0,0,1,0,0,0,0,0,0,0,0,0,1,0,0,0,0,1,0,0,0,0,0,0,0,0,5.27104172924394,1,0,1,0,1.7116277435027794,0,1,0,0,1,-1.0724988558115247,0.0354791134304469,+
1,0,-0.8879564094840022,-0.364214680621613,1,0,0,1,0,0,0,0,0,0,0,0,0,0,0,0,1,0,0,0,0,1,0,0,0,0,0,0,0,-0.3441539189891949,1,0,1,0,1.1073605332807674,1,0,0,0,1,-0.1210687521801249,-0.1929342717310325,+
1,0,1.0563848585511204,-0.5632899066819663,0,1,0,0,0,1,0,0,0,0,1,0,0,0,0,0,0,0,0,0,0,1,0,0,0,0,0,0,0,-0.1467388988424841,1,0,1,0,-0.1011738871632567,1,0,0,0,1,-1.0724988558115247,-0.1902672263663446,+
1,0,3.662647523486896,2.8209889363440404,1,0,0,1,0,0,0,0,0,0,0,0,0,0,1,0,0,0,0,0,0,0,0,0,0,0,1,0,0,-0.6543775220768834,0,1,1,0,-0.1011738871632567,0,1,0,0,1,-1.0724988558115247,-0.1262581376138366,-
1,0,1.4435623806207232,0.3325486105896237,0,1,0,0,0,1,0,0,0,1,0,0,0,0,0,0,0,0,0,0,0,0,0,0,0,1,0,0,0,1.1149360419447654,1,0,0,1,-0.5040186939779314,1,0,0,0,1,1.0087544958821624,-0.1931247749713673,+
1,0,-1.2895051496216907,-0.795212545042278,0,1,0,0,0,1,0,0,0,0,1,0,0,0,0,0,0,0,0,0,0,1,0,0,0,0,0,0,0,-0.641018610939136,1,0,0,1,-0.5040186939779314,0,1,1,0,0,0.1167887737277249,-0.1931247749713673,-
1,0,-0.7188832557418177,-0.812133939257408,0,1,0,0,0,1,0,0,0,0,1,0,0,0,0,0,0,0,0,0,0,1,0,0,0,0,0,0,0,-0.5178197637799105,0,1,0,1,-0.5040186939779314,1,0,1,0,0,0.8303613514512749,-0.1931247749713673,-
1,0,1.1265502173541269,0.4320862236198003,1,0,0,1,0,0,0,0,0,0,0,0,0,0,0,0,0,0,1,0,0,1,0,0,0,0,0,0,0,-0.1838469853362268,0,1,0,1,-0.5040186939779314,0,1,0,0,1,-0.1210687521801249,-0.1927437684906976,-
1,0,-0.9158534798514626,-0.7125963262272313,1,0,0,1,0,0,0,0,0,0,0,0,0,0,0,0,0,0,1,0,0,0,0,0,0,1,0,0,0,-0.258063158323712,1,0,1,0,0.1002485162440806,1,0,0,0,1,-0.2399975151340499,-0.1531190945010498,-
0,1,-0.6766149673062716,-0.662827519712143,0,1,0,0,0,1,0,1,0,0,0,0,0,0,0,0,0,0,0,0,0,1,0,0,0,0,0,0,0,-0.4064955042986826,0,1,0,1,-0.5040186939779314,1,0,0,0,1,-0.1210687521801249,-0.1931247749713673,-
1,0,-0.1414984357122574,-0.5553268976395522,1,0,0,1,0,0,1,0,0,0,0,0,0,0,0,0,0,0,0,0,0,0,0,0,0,1,0,0,0,-0.6543775220768834,0,1,0,1,-0.5040186939779314,0,1,0,0,1,-0.3113547729064049,-0.1929342717310325,-
0,1,-1.3250105119075497,0.5565082399075212,0,1,0,0,0,1,0,0,0,1,0,0,0,0,0,0,0,0,0,0,0,1,0,0,0,0,0,0,0,-0.6291440232611384,0,1,1,0,-0.302596290570594,1,0,0,0,1,-1.0724988558115247,-0.1626442565177921,-
0,1,-0.3528398778899881,-0.6299801074121847,0,1,0,0,0,1,0,0,0,0,0,0,0,0,1,0,0,0,0,0,0,0,0,0,0,0,1,0,0,-0.666252109754881,0,1,0,1,-0.5040186939779314,0,1,0,0,1,0.9492901144051998,-0.1929342717310325,-
1,0,0.1831220194727372,-0.7125963262272313,0,1,0,0,0,1,0,1,0,0,0,0,0,0,0,0,0,0,0,0,0,1,0,0,0,0,0,0,0,-0.3204047436331996,0,1,0,1,-0.5040186939779314,0,1,0,0,1,-0.3589262780879749,-0.1931247749713673,-
0,1,-1.3038763676897764,-0.8947501580724546,0,1,0,0,0,1,0,0,0,0,0,0,0,0,1,0,0,0,0,0,0,0,0,0,0,0,1,0,0,-0.666252109754881,0,1,1,0,-0.302596290570594,0,1,0,0,1,-0.1210687521801249,-0.1691213666891768,-
1,0,-0.7543886180276765,1.0372749108432744,0,1,0,0,0,1,1,0,0,0,0,0,0,0,0,0,0,0,0,0,0,1,0,0,0,0,0,0,0,-0.6543775220768834,1,0,1,0,1.3087829366881047,0,1,0,0,1,-0.7157125669497498,-0.1176854917987686,+
1,0,-0.6977491115240446,-0.7623651327423197,0,1,0,0,0,1,0,0,0,0,0,0,0,0,0,0,0,0,1,0,0,1,0,0,0,0,0,0,0,-0.4183700919766802,1,0,0,1,-0.5040186939779314,0,1,1,0,0,0.7114325884973499,-0.1931247749713673,+
1,0,0.887311704808936,-0.9206299374603004,0,1,0,0,0,1,0,0,0,0,0,0,0,1,0,0,0,0,0,0,0,0,0,0,0,1,0,0,0,0.855179436488567,1,0,0,1,-0.5040186939779314,0,1,0,0,1,1.3060764032669747,-0.1931247749713673,+
1,0,0.9507141374622552,-0.1482180603461296,0,1,0,0,0,1,0,0,0,0,0,0,0,0,0,0,0,0,0,1,0,1,0,0,0,0,0,0,0,-0.6543775220768834,0,1,0,1,-0.5040186939779314,0,1,0,0,1,-0.4302835358603299,-0.1740744509378828,-
0,1,-1.042658345158101,0.7476204569254605,0,1,0,0,0,1,0,0,0,0,0,0,0,0,0,0,0,1,0,0,0,0,0,0,0,1,0,0,0,-0.4436035907924252,1,0,1,0,0.90593812987343,0,1,0,0,1,-0.5016407936326849,-0.1931247749713673,+
1,0,0.119719586819418,-0.4637522936517896,0,1,0,0,0,1,0,0,0,0,0,0,0,0,0,0,0,0,0,1,0,1,0,0,0,0,0,0,0,-0.1467388988424841,0,1,1,0,-0.1011738871632567,1,0,0,0,1,3.2089366105297747,-0.1931247749713673,-
0,1,-0.7611515441773639,1.2283871278612135,1,0,0,1,0,0,0,0,0,1,0,0,0,0,0,0,0,0,0,0,0,1,0,0,0,0,0,0,0,0.2243419660949422,1,0,0,1,-0.5040186939779314,1,0,0,0,1,0.5211465677710699,-0.1931247749713673,-
1,0,0.9507141374622552,-0.364214680621613,0,1,0,0,0,1,0,0,0,0,0,0,0,1,0,0,0,0,0,0,0,0,0,0,0,0,0,0,1,-0.3693874178049399,1,0,0,1,-0.5040186939779314,0,1,0,0,1,-1.0724988558115247,-0.1550241269043983,-
0,1,1.1409214354222128,-0.0486804473159529,0,1,0,0,0,1,0,0,0,0,0,1,0,0,0,0,0,0,0,0,0,0,0,0,0,1,0,0,0,-0.3693874178049399,0,1,0,1,-0.5040186939779314,1,0,1,0,0,0.3546462996355749,-0.1931247749713673,-
1,0,-1.0570295632261868,-0.961440358802673,1,0,0,1,0,0,0,0,0,0,0,0,0,0,1,0,0,0,0,0,0,0,0,0,0,0,1,0,0,-0.666252109754881,0,1,1,0,0.3016709196514179,0,1,0,0,1,-0.8049091391651936,-0.1929342717310325,-
0,1,0.6269390480459718,-0.6299801074121847,0,1,0,0,0,1,0,0,0,0,0,0,0,0,0,0,0,0,0,1,0,1,0,0,0,0,0,0,0,-0.5920359367673957,0,1,0,1,-0.5040186939779314,0,1,0,0,1,-1.0724988558115247,-0.1188285112407776,-
1,0,-0.6766149673062716,-0.3313672683216547,1,0,0,1,0,0,0,0,0,0,0,1,0,0,0,0,0,0,0,0,0,1,0,0,0,0,0,0,0,-0.5430532625956555,0,1,1,0,-0.302596290570594,1,0,0,0,1,0.5925038255434248,-0.1778845157445797,-
1,0,1.42242823640295,1.427462353921567,0,1,0,0,0,1,0,0,0,0,1,0,0,0,0,0,0,0,0,0,0,1,0,0,0,0,0,0,0,4.0835829614441765,1,0,0,1,-0.5040186939779314,0,1,1,0,0,-0.4183906595649374,-0.1931247749713673,+
1,0,-0.1693955060797177,-0.8459767276876681,0,1,0,0,0,1,0,1,0,0,0,0,0,0,0,0,0,0,0,0,0,1,0,0,0,0,0,0,0,-0.5801613490893981,0,1,1,0,-0.302596290570594,0,1,0,0,1,0.9492901144051998,0.3408558076872039,-
1,0,1.3666340956680294,-0.9037085432451704,0,1,0,0,0,1,0,0,0,0,0,0,0,0,0,0,0,0,1,0,0,0,0,0,0,0,0,0,1,3.7867182694942354,1,0,1,0,3.524429374168815,0,1,0,0,1,-1.0724988558115247,2.664423830051312,+
1,0,0.1898849456224245,-0.4139834871367013,0,1,0,0,0,1,0,0,0,0,0,0,0,1,0,0,0,0,0,0,0,0,0,0,0,0,0,0,1,-0.666252109754881,0,1,0,1,-0.5040186939779314,0,1,0,0,1,-0.0021399892261999,-0.1931247749713673,-
0,1,0.5770624676920271,-0.082523235746213,0,1,0,0,0,1,0,0,0,0,0,0,0,0,0,0,0,0,1,0,0,1,0,0,0,0,0,0,0,-0.6291440232611384,0,1,0,1,-0.5040186939779314,0,1,0,0,1,-0.1210687521801249,-0.1931247749713673,-
1,0,0.8940746309586232,-0.7544021236999056,0,1,0,0,0,1,0,1,0,0,0,0,0,0,0,0,0,0,0,0,0,1,0,0,0,0,0,0,0,0.8180713499948243,1,0,1,0,0.7045157264660926,1,0,0,0,1,1.9007202180366,1.711907628377085,+
1,0,-1.0714007812942727,-0.961440358802673,0,1,0,0,0,1,0,0,0,1,0,0,0,0,0,0,0,0,0,0,0,1,0,0,0,0,0,0,0,-0.4688370896081701,0,1,0,1,-0.5040186939779314,0,1,0,0,1,-0.1210687521801249,-0.1929342717310325,-
0,1,-0.902327627552088,-0.8619027457724964,1,0,0,1,0,0,0,0,0,0,0,0,0,0,0,1,0,0,0,0,0,0,0,0,0,0,0,1,0,-0.3693874178049399,0,1,0,1,-0.5040186939779314,0,1,0,0,1,0.4735750625894999,-0.1931247749713673,-
1,0,0.5001341827393333,-0.5553268976395522,0,1,0,0,0,1,0,1,0,0,0,0,0,0,0,0,0,0,0,0,0,1,0,0,0,0,0,0,0,-0.6543775220768834,1,0,0,1,-0.5040186939779314,1,0,0,0,1,1.3060764032669747,0.9117940189707352,+
1,0,0.2110190898401975,0.1334733845292703,1,0,0,1,0,0,0,0,0,0,0,0,0,0,0,0,0,0,1,0,0,1,0,0,0,0,0,0,0,-0.2209550718299694,0,1,0,1,-0.5040186939779314,1,0,0,0,1,-0.7157125669497498,-0.1931247749713673,-
1,0,-0.7822856883951369,-0.8698657548149105,0,1,0,0,0,1,0,0,0,0,0,1,0,0,0,0,0,0,0,0,0,1,0,0,0,0,0,0,0,-0.6291440232611384,0,1,0,1,-0.5040186939779314,1,0,0,0,1,0.5925038255434248,-0.1826470967529508,-
1,0,0.0698430064654732,-0.4637522936517896,0,1,0,0,0,1,0,0,0,0,0,0,0,0,0,0,0,0,1,0,0,1,0,0,0,0,0,0,0,-0.2951712448174546,0,1,0,1,-0.5040186939779314,1,0,0,0,1,0.5925038255434248,-0.1931247749713673,-
0,1,-1.3317734380572368,-0.8867871490300405,0,1,0,0,0,1,0,0,0,0,0,0,0,0,0,0,0,0,1,0,0,1,0,0,0,0,0,0,0,-0.3693874178049399,0,1,0,1,-0.5040186939779314,0,1,0,0,1,-0.3589262780879749,-0.1896957166453401,-
1,0,0.8450434163733898,-0.6548645106697288,0,1,0,0,0,1,0,0,0,0,0,0,0,1,0,0,0,0,0,0,0,0,0,0,0,0,0,0,1,0.3727743120699127,0,1,0,1,-0.5040186939779314,0,1,0,0,1,0.2119317840908649,-0.1931247749713673,+
1,0,-0.9657300602054072,-0.9116715522875848,0,1,0,0,0,1,0,0,0,1,0,0,0,0,0,0,0,0,0,0,0,1,0,0,0,0,0,0,0,-0.6291440232611384,0,1,0,1,-0.5040186939779314,0,1,0,0,1,0.1167887737277249,-0.1931247749713673,-
1,0,2.6904768894693345,-0.8539397367300822,0,1,0,0,0,1,0,0,0,0,0,0,0,0,0,0,0,0,1,0,0,1,0,0,0,0,0,0,0,-0.4925862649641655,1,0,1,0,0.1002485162440806,1,0,0,0,1,-0.0021399892261999,-0.1931247749713673,-
1,0,0.4223605320179283,-0.1153706480461713,0,1,0,0,0,1,0,0,0,1,0,0,0,0,0,0,0,0,0,0,0,1,0,0,0,0,0,0,0,0.3727743120699127,0,1,0,1,-0.5040186939779314,0,1,0,0,1,1.6271840632425725,-0.183599612954625,-
1,0,-1.1271949220291932,-0.4717153026942038,0,1,0,0,0,1,0,0,0,0,0,0,0,0,0,0,0,0,1,0,0,0,0,1,0,0,0,0,0,-0.3812620054829376,0,1,1,0,-0.1011738871632567,1,0,0,0,1,-0.1210687521801249,-0.0812993728948131,-
1,0,-0.7188832557418177,-0.8370183425149521,1,0,0,1,0,0,0,0,0,0,0,0,0,0,0,0,0,0,0,1,0,1,0,0,0,0,0,0,0,-0.6291440232611384,1,0,0,1,-0.5040186939779314,0,1,0,0,1,-0.0021399892261999,-0.1929342717310325,-
0,1,-0.6977491115240446,0.2081265943019028,0,1,0,0,0,1,0,0,0,1,0,0,0,0,0,0,0,0,0,0,0,1,0,0,0,0,0,0,0,0.2748089637264321,1,0,1,0,1.510205340095442,0,1,0,0,1,-0.3589262780879749,-0.1464514810893302,+
0,1,-0.1693955060797177,-0.8698657548149105,0,1,0,0,0,1,0,0,0,0,0,1,0,0,0,0,0,0,0,0,0,1,0,0,0,0,0,0,0,-0.5059451761019128,1,0,1,0,0.3016709196514179,0,1,0,0,1,1.18714764031305,-0.0978731548039447,+
0,1,-0.6698520411565843,-0.8449813515573663,1,0,0,1,0,0,0,0,0,0,0,0,0,0,1,0,0,0,0,0,0,0,0,0,0,0,1,0,0,-0.6291440232611384,0,1,0,1,-0.5040186939779314,0,1,0,0,1,-0.3589262780879749,-0.1765509930622358,-
1,0,-0.5075418135640869,-0.8867871490300405,0,1,0,0,0,1,0,0,0,0,1,0,0,0,0,0,0,0,0,0,0,1,0,0,0,0,0,0,0,-0.5920359367673957,1,0,1,0,0.1002485162440806,0,1,0,0,1,0.4735750625894999,2.684998180007475,+
0,1,-1.120431995879506,1.0293119018008603,0,1,0,0,0,1,0,1,0,0,0,0,0,0,0,0,0,0,0,0,0,1,0,0,0,0,0,0,0,-0.3693874178049399,0,1,1,0,-0.302596290570594,0,1,0,0,1,-0.3589262780879749,-0.1929342717310325,-
1,0,0.8306721983053039,-0.961440358802673,0,1,0,0,0,1,0,0,0,0,0,0,0,0,0,0,0,0,1,0,0,0,0,0,0,0,0,0,1,3.7867182694942354,1,0,0,1,-0.5040186939779314,0,1,0,0,1,-1.0724988558115247,-0.1931247749713673,+
1,0,0.2110190898401975,0.0508571657142237,1,0,0,1,0,0,0,0,0,0,0,0,0,1,0,0,0,0,0,0,0,0,0,0,0,0,0,0,1,-0.3441539189891949,0,1,0,1,-0.5040186939779314,1,0,0,0,1,1.7817914550826746,-0.1931247749713673,-
1,0,-0.860059339116542,0.531623836649977,0,1,0,0,0,1,0,0,0,0,0,0,0,0,0,0,0,0,0,1,0,1,0,0,0,0,0,0,0,-0.2461885706457144,1,0,1,0,-0.302596290570594,0,1,0,0,1,-0.5967838039958249,1.6738069803101163,+
1,0,0.887311704808936,0.987506104328186,0,1,0,0,0,1,1,0,0,0,0,0,0,0,0,0,0,0,0,0,0,0,0,0,0,1,0,0,0,1.69679083816665,1,0,1,0,1.1073605332807674,0,1,0,0,1,-1.0724988558115247,-0.1931247749713673,+
0,1,0.612567829977886,-0.662827519712143,0,1,0,0,0,1,0,0,0,0,0,0,0,0,1,0,0,0,0,0,0,0,0,0,0,0,1,0,0,-0.666252109754881,0,1,0,1,-0.5040186939779314,0,1,0,0,1,-0.6205695565866098,-0.1931247749713673,-
1,0,-0.310571589454442,-0.662827519712143,0,1,0,0,0,1,0,1,0,0,0,0,0,0,0,0,0,0,0,0,0,1,0,0,0,0,0,0,0,0.0016934471324863,0,1,1,0,-0.302596290570594,1,0,0,0,1,-0.4778550410418999,-0.1925532652503628,-
1,0,0.4925258908209348,-0.4309048813518313,0,1,0,0,0,1,0,0,0,0,0,0,0,0,0,0,0,1,0,0,0,1,0,0,0,0,0,0,0,-0.6172694355831407,0,1,0,1,-0.5040186939779314,1,0,0,0,1,-1.0724988558115247,-0.0976826515636098,-
1,0,-0.9090905537017754,0.0508571657142237,1,0,0,1,0,0,0,0,0,0,0,0,1,0,0,0,0,0,0,0,0,1,0,0,0,0,0,0,0,-0.5801613490893981,0,1,0,1,-0.5040186939779314,0,1,0,0,1,-0.2399975151340499,-0.1580721787497558,-
1,0,-1.2193397908186845,-0.9445189645875428,1,0,0,1,0,0,0,0,0,0,0,0,0,0,0,0,0,0,1,0,0,1,0,0,0,0,0,0,0,-0.6543775220768834,0,1,0,1,-0.5040186939779314,0,1,0,0,1,-0.2399975151340499,-0.055581435449609,-
1,0,-0.2471691568011228,-0.2397926643338921,0,1,0,0,0,1,0,0,0,0,0,0,0,0,0,0,0,0,0,1,0,1,0,0,0,0,0,0,0,-0.5920359367673957,0,1,0,1,-0.5040186939779314,1,0,0,0,1,-0.4778550410418999,-0.1931247749713673,-
0,1,-0.746780326109278,-0.8041709302149939,0,1,0,0,0,1,0,0,0,0,0,0,0,1,0,0,0,0,0,0,0,1,0,0,0,0,0,0,0,-0.641018610939136,0,1,0,1,-0.5040186939779314,0,1,0,0,1,-0.2162117625432649,-0.1931247749713673,-
0,1,-1.232865643118059,-0.8619027457724964,0,1,0,0,0,1,0,0,0,0,0,0,0,1,0,0,0,0,0,0,0,1,0,0,0,0,0,0,0,-0.6172694355831407,0,1,1,0,0.7045157264660926,1,0,0,0,1,0.3546462996355749,-0.1864571615596477,-
1,0,-0.450902307060455,1.5269999669517438,1,0,0,1,0,0,0,0,0,0,0,1,0,0,0,0,0,0,0,0,0,0,0,0,0,1,0,0,0,-0.2951712448174546,0,1,0,1,-0.5040186939779314,1,0,0,0,1,-1.0724988558115247,-0.1898862198856749,-
1,0,0.2321532340579706,-0.364214680621613,0,1,0,0,0,1,0,0,0,0,0,0,0,0,0,0,0,1,0,0,0,0,0,0,0,1,0,0,0,1.534999581053932,1,0,0,1,-0.5040186939779314,1,0,0,0,1,-1.0724988558115247,-0.1931247749713673,+
0,1,2.162123284025008,-0.8947501580724546,0,1,0,0,0,1,0,0,0,0,0,0,0,1,0,0,0,0,0,0,0,0,0,0,0,0,0,0,1,-0.3693874178049399,1,0,0,1,-0.5040186939779314,1,0,0,0,1,0.4260035574079299,0.2254108440442876,-
1,0,-0.7256461818915049,-0.927597570372413,0,1,0,0,0,1,0,0,0,0,1,0,0,0,0,0,0,0,0,0,0,1,0,0,0,0,0,0,0,-0.641018610939136,0,1,0,1,-0.5040186939779314,0,1,1,0,0,-1.0724988558115247,-0.1931247749713673,-
1,0,-0.6199754608026395,-0.7872495359998638,0,1,0,0,0,1,0,0,0,1,0,0,0,0,0,0,0,0,0,0,0,1,0,0,0,0,0,0,0,0.7067470905135964,1,0,1,0,-0.1011738871632567,1,0,0,0,1,2.0196489809905245,0.1878817056983232,+
1,0,0.1408537310371911,-0.3313672683216547,1,0,0,1,0,0,1,0,0,0,0,0,0,0,0,0,0,0,0,0,0,1,0,0,0,0,0,0,0,0.2733246402666824,1,0,1,0,0.1002485162440806,1,0,0,0,1,1.18714764031305,-0.1931247749713673,+
0,1,-0.2471691568011228,-0.214908261076348,0,1,0,0,0,1,0,0,0,0,0,0,0,0,0,0,0,0,1,0,0,1,0,0,0,0,0,0,0,-0.5920359367673957,0,1,1,0,-0.302596290570594,1,0,0,0,1,-0.8346413299036748,-0.1637872759598011,-
1,0,-0.9158534798514626,-0.795212545042278,1,0,0,1,0,0,0,0,0,0,0,0,0,0,0,0,0,0,1,0,0,1,0,0,0,0,0,0,0,-0.0725227258549988,0,1,0,1,-0.5040186939779314,1,0,1,0,0,0.3546462996355749,-0.1931247749713673,-
1,0,-0.6977491115240446,-0.662827519712143,0,1,0,0,0,1,0,0,0,1,0,0,0,0,0,0,0,0,0,0,0,1,0,0,0,0,0,0,0,0.038801533626229,1,0,1,0,0.1002485162440806,1,0,0,0,1,-1.0724988558115247,-0.0822518890964874,+
1,0,0.0698430064654732,0.531623836649977,0,1,0,0,0,1,0,0,0,0,0,0,0,0,0,1,0,0,0,0,0,0,0,0,0,0,0,0,1,-0.1957215730142244,1,0,0,1,-0.5040186939779314,1,0,1,0,0,1.4250051662208998,-0.1931247749713673,-
1,0,-1.0147612747906407,-0.9037085432451704,0,1,0,0,0,1,0,0,0,0,0,1,0,0,0,0,0,0,0,0,0,1,0,0,0,0,0,0,0,-0.5801613490893981,0,1,0,1,-0.5040186939779314,0,1,0,0,1,0.5925038255434248,-0.1237815954894836,-
1,0,0.3589580993646091,-0.4806736878669196,0,1,0,0,0,1,0,1,0,0,0,0,0,0,0,0,0,0,0,0,0,1,0,0,0,0,0,0,0,-0.6291440232611384,0,1,1,0,-0.1011738871632567,0,1,0,0,1,0.2357175366816499,-0.1929342717310325,-
1,0,-0.2327979387330369,-0.7295177204423614,0,1,0,0,0,1,0,0,0,0,0,1,0,0,0,0,0,0,0,0,0,1,0,0,0,0,0,0,0,-0.5178197637799105,1,0,0,1,-0.5040186939779314,0,1,1,0,0,0.5925038255434248,-0.1931247749713673,-
0,1,0.0563171541660988,-0.6707905287545571,0,1,0,0,0,1,0,1,0,0,0,0,0,0,0,0,0,0,0,0,0,1,0,0,0,0,0,0,0,-0.3441539189891949,1,0,1,0,2.718739760539466,0,1,0,0,1,-0.3589262780879749,0.2029314616847759,+
1,0,-1.2683710054039177,-0.9365559555451288,0,1,0,0,0,1,0,0,0,0,0,0,0,0,0,0,0,0,1,0,0,1,0,0,0,0,0,0,0,-0.6172694355831407,0,1,0,1,-0.5040186939779314,0,1,0,0,1,-0.2875690203156199,-0.1931247749713673,-
1,0,-0.4931705954960011,1.5269999669517438,0,1,0,0,0,1,0,0,0,0,0,0,0,0,0,0,0,1,0,0,0,1,0,0,0,0,0,0,0,-0.3070458324954523,1,0,1,0,12.991282334313672,1,0,0,0,1,-0.2399975151340499,-0.1439749389649772,+
1,0,3.824957751079393,3.475946430082603,0,1,0,0,0,1,0,0,0,0,0,0,0,0,0,1,0,0,0,0,1,0,0,0,0,0,0,0,0,3.118772712606868,1,0,1,0,-0.302596290570594,1,0,0,0,1,-1.0724988558115247,-0.1723599217748692,+
1,0,-0.0214564965553062,-0.7374807294847755,0,1,0,0,0,1,0,0,0,0,0,0,0,0,1,0,0,0,0,0,0,0,0,0,0,0,1,0,0,-0.666252109754881,0,1,1,0,-0.302596290570594,0,1,0,0,1,-0.5016407936326849,-0.1895052134050052,-
1,0,-0.0992301472767113,-0.8619027457724964,0,1,0,0,0,1,0,0,0,0,0,0,0,0,0,0,1,0,0,0,0,0,0,0,0,1,0,0,0,-0.641018610939136,0,1,0,1,-0.5040186939779314,1,0,1,0,0,0.4260035574079299,-0.1931247749713673,-
1,0,-0.310571589454442,-0.7623651327423197,1,0,0,1,0,0,0,0,0,0,0,0,0,0,0,0,1,0,0,0,0,0,0,0,0,1,0,0,0,0.2243419660949422,0,1,0,1,-0.5040186939779314,0,1,0,0,1,-0.0259257418169849,-0.0908245349115554,-
0,1,-0.746780326109278,0.4320862236198003,0,1,0,0,0,1,0,0,0,0,0,0,0,0,0,0,0,0,1,0,0,1,0,0,0,0,0,0,0,-0.6172694355831407,0,1,0,1,-0.5040186939779314,0,1,0,0,1,-0.1210687521801249,-0.1931247749713673,-
1,0,1.6270067524309937,-0.8449813515573663,0,1,0,0,0,1,0,0,0,0,0,0,0,0,1,0,0,0,0,0,0,0,0,0,0,0,1,0,0,-0.666252109754881,0,1,0,1,-0.5040186939779314,0,1,0,0,1,-0.2102653243955687,-0.1931247749713673,-
1,0,0.2177820159898848,0.3325486105896237,0,1,0,0,0,1,0,0,0,0,0,0,0,0,0,0,0,0,0,1,0,1,0,0,0,0,0,0,0,-0.6291440232611384,1,0,0,1,-0.5040186939779314,1,0,0,0,1,1.5617732436179137,-0.1931247749713673,-
0,1,0.5702995415423399,0.233010997559447,0,1,0,0,0,1,0,0,0,0,0,1,0,0,0,0,0,0,0,0,0,1,0,0,0,0,0,0,0,-0.3693874178049399,1,0,0,1,-0.5040186939779314,1,0,0,0,1,-1.0724988558115247,-0.1931247749713673,+
1,0,0.8661775605911628,-0.7703281417847339,0,1,0,0,0,1,1,0,0,0,0,0,0,0,0,0,0,0,0,0,0,1,0,0,0,0,0,0,0,0.0759096201199716,1,0,0,1,-0.5040186939779314,0,1,0,0,1,1.960184599513562,-0.0788228307704601,+
1,0,0.633701974195659,0.0339357714990936,0,1,0,0,0,1,0,0,0,0,0,0,0,0,0,0,0,1,0,0,0,1,0,0,0,0,0,0,0,0.3727743120699127,1,0,1,0,1.510205340095442,1,0,0,0,1,-1.0724988558115247,-0.1931247749713673,+
1,0,0.6404649003453463,0.233010997559447,0,1,0,0,0,1,0,0,0,0,1,0,0,0,0,0,0,0,0,0,0,1,0,0,0,0,0,0,0,-0.283296657139457,1,0,1,0,0.5030933230587553,1,0,0,0,1,-0.4302835358603299,0.0158572796759579,+
1,0,-0.881193483334315,1.0462332960159906,1,0,0,1,0,0,0,0,0,0,0,0,0,0,0,1,0,0,0,0,0,0,0,0,0,1,0,0,0,-0.2951712448174546,0,1,0,1,-0.5040186939779314,0,1,0,0,1,0.4735750625894999,-0.1931247749713673,-
0,1,-1.0714007812942727,-0.082523235746213,1,0,0,1,0,0,0,0,0,0,0,0,0,0,0,0,0,0,1,0,0,0,0,0,0,1,0,0,0,0.2243419660949422,1,0,0,1,-0.5040186939779314,0,1,0,0,1,0.3546462996355749,-0.1931247749713673,+
1,0,-0.3596028040396754,-0.645906125497013,0,1,0,0,0,1,0,0,0,0,0,0,0,0,0,0,0,1,0,0,0,0,0,0,0,1,0,0,0,-0.1215054000267391,1,0,1,0,1.9130501469101169,1,0,0,0,1,2.3942745842953883,-0.0572959646126226,+
0,1,-0.7679144703270511,1.278155934376302,1,0,0,1,0,0,1,0,0,0,0,0,0,0,0,0,0,0,0,0,0,0,0,0,0,1,0,0,0,-0.4436035907924252,1,0,1,0,0.3016709196514179,0,1,0,0,1,-1.0724988558115247,-0.131973234823882,+
0,1,-0.9090905537017754,1.0960021025310789,0,1,0,0,0,1,0,0,0,0,0,0,0,0,0,0,0,1,0,0,0,0,0,0,0,1,0,0,0,-0.5668024379516508,1,0,1,0,-0.302596290570594,1,0,0,0,1,-0.5967838039958249,-0.183599612954625,+
0,1,-1.063792489375874,0.830236675740507,0,1,0,0,0,1,0,0,0,0,0,0,0,0,0,0,0,0,0,1,0,1,0,0,0,0,0,0,0,-0.4436035907924252,1,0,1,0,-0.1011738871632567,0,1,0,0,1,-0.5492122988142549,-0.0805373599334737,+
1,0,-0.1127559995760857,-0.8619027457724964,0,1,0,0,0,1,0,0,0,0,0,0,0,0,0,0,0,0,1,0,0,1,0,0,0,0,0,0,0,-0.1467388988424841,1,0,1,0,1.7116277435027794,0,1,0,0,1,-0.8822128350852448,-0.0902530251905509,+
1,0,-0.2818291533182703,-0.9365559555451288,1,0,0,1,0,0,0,0,0,0,0,1,0,0,0,0,0,0,0,0,0,1,0,0,0,0,0,0,0,-0.641018610939136,0,1,0,1,-0.5040186939779314,0,1,0,0,1,0.2119317840908649,0.2069320297318077,-
0,1,1.2322209384429923,-0.364214680621613,0,1,0,0,0,1,0,0,0,0,0,0,0,0,0,0,0,0,1,0,0,1,0,0,0,0,0,0,0,0.038801533626229,1,0,1,0,1.1073605332807674,1,0,0,0,1,1.2822906506761895,0.5991782015812541,+
1,0,0.0487088622477002,-0.1651394545612596,1,0,0,1,0,0,0,0,0,0,0,0,0,0,0,0,0,1,0,0,0,1,0,0,0,0,0,0,0,-0.2209550718299694,0,1,0,1,-0.5040186939779314,1,0,0,0,1,-0.3589262780879749,-0.1931247749713673,-
1,0,0.986219499748114,-0.513521100166878,0,1,0,0,0,1,0,0,0,0,0,0,0,1,0,0,0,0,0,0,0,0,0,0,0,0,0,0,1,-0.4436035907924252,1,0,0,1,-0.5040186939779314,0,1,0,0,1,2.2575065068983746,-0.1931247749713673,-
1,0,-0.9158534798514626,0.0916675870565961,0,1,0,0,0,1,0,0,0,1,0,0,0,0,0,0,0,0,0,0,0,1,0,0,0,0,0,0,0,-0.5549278502736531,1,0,1,0,-0.302596290570594,0,1,0,0,1,-0.1210687521801249,-0.1931247749713673,-
1,0,-1.2827422234720034,-0.4139834871367013,0,1,0,0,0,1,0,0,0,0,0,0,0,0,0,0,0,0,0,1,0,1,0,0,0,0,0,0,0,-0.4688370896081701,0,1,1,0,-0.302596290570594,0,1,0,0,1,-0.5967838039958249,-0.1891242069243356,-
0,1,-1.1483290662469663,1.0711176992735347,0,1,0,0,0,1,0,0,0,0,0,0,0,0,1,0,0,0,0,0,0,0,0,0,0,0,1,0,0,-0.666252109754881,0,1,0,1,-0.5040186939779314,0,1,0,0,1,-1.0724988558115247,-0.183599612954625,-
1,0,-0.3807369482574484,-0.812133939257408,0,1,0,0,0,1,0,0,0,0,0,0,0,0,0,0,0,0,1,0,0,0,0,0,0,1,0,0,0,0.5954228310323685,1,0,1,0,0.1002485162440806,1,0,0,0,1,0.7827898462697048,-0.1645492889211405,+
1,0,1.4012940921851769,0.2409740066018611,0,1,0,0,0,1,0,0,0,0,0,1,0,0,0,0,0,0,0,0,0,1,0,0,0,0,0,0,0,-0.6543775220768834,0,1,0,1,-0.5040186939779314,0,1,0,0,1,-1.0724988558115247,0.3193289415293663,+
1,0,-1.2193397908186845,-0.9116715522875848,0,1,0,0,0,1,0,0,0,1,0,0,0,0,0,0,0,0,0,0,0,1,0,0,0,0,0,0,0,-0.5668024379516508,0,1,1,0,0.3016709196514179,0,1,0,0,1,-0.1210687521801249,-0.1916007490486885,-
1,0,-0.3807369482574484,-0.662827519712143,1,0,0,1,0,0,0,1,0,0,0,0,0,0,0,0,0,0,0,0,0,1,0,0,0,0,0,0,0,-0.5549278502736531,1,0,0,1,-0.5040186939779314,1,0,0,0,1,0.4735750625894999,0.0097611759852428,+
0,1,-0.450902307060455,-0.5632899066819663,0,1,0,0,0,1,0,0,0,0,0,0,1,0,0,0,0,0,0,0,0,0,0,0,1,0,0,0,0,-0.666252109754881,0,1,0,1,-0.5040186939779314,1,0,0,0,1,0.5687180729526399,-0.1929342717310325,-
1,0,0.7114756249170641,-0.8539397367300822,1,0,0,1,0,0,0,0,0,0,0,0,0,0,0,0,0,0,0,1,0,1,0,0,0,0,0,0,0,-0.5178197637799105,1,0,1,0,0.1002485162440806,0,1,0,0,1,0.1167887737277249,-0.002621534636522,+
1,0,-0.7822856883951369,0.830236675740507,0,1,0,0,0,1,0,0,0,0,0,0,0,0,0,0,0,0,0,1,0,1,0,0,0,0,0,0,0,-0.641018610939136,0,1,0,1,-0.5040186939779314,0,1,0,0,1,-1.0724988558115247,-0.1931247749713673,-
1,0,-0.9581217682870088,0.1583577877868145,0,1,0,0,0,1,0,1,0,0,0,0,0,0,0,0,0,0,0,0,0,1,0,0,0,0,0,0,0,-0.1586134865204818,1,0,0,1,-0.5040186939779314,0,1,1,0,0,-0.3589262780879749,-0.1931247749713673,+
0,1,-0.606449608503265,-0.4637522936517896,1,0,0,1,0,0,0,0,0,0,0,0,0,1,0,0,0,0,0,0,0,0,0,0,0,0,0,0,1,0.6696390040198538,0,1,0,1,-0.5040186939779314,0,1,0,0,1,0.1167887737277249,-0.1062552973786779,-
0,1,-0.9657300602054072,-0.7125963262272313,0,1,0,0,0,1,0,0,0,0,0,0,0,0,0,0,0,0,1,0,0,1,0,0,0,0,0,0,0,-0.666252109754881,0,1,0,1,-0.5040186939779314,0,1,0,0,1,-1.0724988558115247,-0.1931247749713673,-
1,0,-1.1271949220291932,1.0790807083159486,0,1,0,0,0,1,0,0,0,0,0,0,0,0,0,0,0,0,1,0,0,0,0,0,0,1,0,0,0,-0.3441539189891949,0,1,0,1,-0.5040186939779314,0,1,0,0,1,0.8303613514512749,-0.1906482328470143,-
0,1,-0.5565730281493203,-0.7125963262272313,0,1,0,0,0,1,0,0,0,0,0,0,0,0,1,0,0,0,0,0,0,0,0,0,0,0,1,0,0,-0.666252109754881,1,0,0,1,-0.5040186939779314,0,1,0,0,1,-0.5967838039958249,-0.1931247749713673,-
1,0,-1.1136690697298188,-0.7205593352696454,1,0,0,1,0,0,0,0,0,0,0,0,0,0,0,1,0,0,0,0,0,0,0,0,0,0,0,1,0,-0.666252109754881,0,1,0,1,-0.5040186939779314,0,1,0,0,1,-0.4778550410418999,-0.1931247749713673,-
1,0,0.7960122017881563,-0.8619027457724964,1,0,0,1,0,0,0,0,0,0,1,0,0,0,0,0,0,0,0,0,0,1,0,0,0,0,0,0,0,-0.5178197637799105,0,1,0,1,-0.5040186939779314,1,0,0,0,1,-0.2994618966110124,-0.1931247749713673,-
1,0,0.063080080315786,-0.9285929465027148,1,0,0,1,0,0,0,0,0,0,0,0,0,0,0,0,0,0,1,0,0,0,0,0,0,1,0,0,0,0.2985581390824274,1,0,1,0,-0.302596290570594,1,0,0,0,1,1.4963624239932547,1.3309011477073946,+
1,0,0.1408537310371911,-0.3562516715791988,1,0,0,1,0,0,0,0,0,0,0,0,0,0,0,0,0,0,1,0,0,0,0,0,0,1,0,0,0,-0.0606481381770012,1,0,1,0,-0.302596290570594,1,0,0,0,1,-0.0021399892261999,3.241077138544888,+
1,0,0.3099268847793757,4.0403246959637045,0,1,0,0,0,1,1,0,0,0,0,0,0,0,0,0,0,0,0,0,0,0,0,0,0,1,0,0,0,-0.1838469853362268,1,0,1,0,-0.302596290570594,1,0,0,0,1,1.989916790252044,-0.0978731548039447,+
0,1,-0.0704877111405396,1.427462353921567,0,1,0,0,0,1,0,0,0,0,0,0,0,0,0,0,0,0,1,0,0,1,0,0,0,0,0,0,0,-0.0725227258549988,1,0,1,0,-0.302596290570594,0,1,0,0,1,0.2357175366816499,-0.1895052134050052,+
1,0,0.6759702626312052,-0.6379431164545988,0,1,0,0,0,1,0,0,0,0,0,0,0,0,0,0,0,0,1,0,0,1,0,0,0,0,0,0,0,-0.2209550718299694,0,1,0,1,-0.5040186939779314,0,1,0,0,1,-1.0724988558115247,-0.1329257510255562,-
0,1,0.3099268847793757,-0.214908261076348,0,1,0,0,0,1,0,0,0,0,0,0,0,0,1,0,0,0,0,0,0,0,0,0,0,0,1,0,0,-0.666252109754881,0,1,1,0,0.7045157264660926,0,1,0,0,1,-1.0724988558115247,-0.1550241269043983,-
1,0,0.2177820159898848,-0.9455143407178448,1,0,0,1,0,0,0,0,0,0,1,0,0,0,0,0,0,0,0,0,0,0,0,0,0,0,0,0,1,-0.6543775220768834,1,0,1,0,-0.302596290570594,1,0,0,0,1,0.5925038255434248,0.1878817056983232,+
1,0,0.6480731922637448,-0.6210217222394688,0,1,0,0,0,1,1,0,0,0,0,0,0,0,0,0,0,0,0,0,0,1,0,0,0,0,0,0,0,-0.6291440232611384,1,0,1,0,0.5030933230587553,1,0,0,0,1,1.7817914550826746,-0.1931247749713673,+
0,1,-0.746780326109278,-0.8947501580724546,0,1,0,0,0,1,0,0,0,1,0,0,0,0,0,0,0,0,0,0,0,1,0,0,0,0,0,0,0,-0.4436035907924252,0,1,0,1,-0.5040186939779314,0,1,1,0,0,-0.1210687521801249,-0.1931247749713673,-
1,0,0.3099268847793757,-0.4637522936517896,0,1,0,0,0,1,0,0,0,0,0,1,0,0,0,0,0,0,0,0,0,1,0,0,0,0,0,0,0,0.6696390040198538,1,0,1,0,0.90593812987343,0,1,0,0,1,-0.1805331336570874,0.0488143402538861,+
0,1,0.1476166571868783,-0.364214680621613,1,0,0,1,0,0,0,0,0,0,0,0,0,0,0,0,0,0,0,1,0,1,0,0,0,0,0,0,0,-0.0725227258549988,0,1,0,1,-0.5040186939779314,0,1,0,0,1,-0.0021399892261999,-0.1931247749713673,-
1,0,-0.3240974417538165,-0.812133939257408,0,1,0,0,0,1,0,0,0,1,0,0,0,0,0,0,0,0,0,0,0,0,0,0,0,1,0,0,0,-0.6172694355831407,0,1,0,1,-0.5040186939779314,1,0,0,0,1,0.2357175366816499,-0.1453084616473212,-
1,0,-1.2049685727505983,-0.364214680621613,0,1,0,0,0,1,0,0,0,0,0,1,0,0,0,0,0,0,0,0,0,1,0,0,0,0,0,0,0,-0.6543775220768834,0,1,0,1,-0.5040186939779314,1,0,0,0,1,-0.1210687521801249,-0.1855046453579735,-
0,1,-0.9090905537017754,0.9377372978130976,0,1,0,0,0,1,0,0,0,0,0,0,0,1,0,0,0,0,0,0,0,1,0,0,0,0,0,0,0,-0.6543775220768834,0,1,0,1,-0.5040186939779314,0,1,0,0,1,0.1167887737277249,-0.002621534636522,-
0,1,-0.824553976830683,1.3776935474064786,0,1,0,0,0,1,0,0,0,0,0,0,0,0,0,0,0,0,1,0,0,1,0,0,0,0,0,0,0,-0.5920359367673957,0,1,0,1,-0.5040186939779314,1,0,0,0,1,-0.0021399892261999,-0.1931247749713673,-
1,0,-1.5008465917994214,-0.1651394545612596,1,0,0,1,0,0,0,1,0,0,0,0,0,0,0,0,0,0,0,0,0,1,0,0,0,0,0,0,0,-0.1467388988424841,1,0,1,0,-0.1011738871632567,1,0,0,0,1,-0.3589262780879749,-0.002621534636522,+
1,0,0.1831220194727372,-0.530442494382008,0,1,0,0,0,1,0,0,0,0,0,0,0,0,0,0,0,0,1,0,0,1,0,0,0,0,0,0,0,-0.2209550718299694,0,1,0,1,-0.5040186939779314,0,1,0,1,0,-0.3589262780879749,-0.1931247749713673,-
1,0,0.0275747180299271,-0.4637522936517896,0,1,0,0,0,1,0,0,0,0,0,0,0,0,0,0,0,0,0,1,0,1,0,0,0,0,0,0,0,1.560233079869677,1,0,0,1,-0.5040186939779314,1,0,0,0,1,2.0374882954336133,-0.1931247749713673,-
0,1,-0.2471691568011228,-0.2567140585490222,0,1,0,0,0,1,0,0,0,0,0,0,0,1,0,0,0,0,0,0,0,0,0,0,0,0,0,0,1,-0.5178197637799105,1,0,0,1,-0.5040186939779314,1,0,0,0,1,-0.0556579325554662,-0.1931247749713673,-
0,1,-0.5920783904351792,-0.4806736878669196,1,0,0,1,0,0,0,0,0,0,0,0,0,0,0,0,0,0,1,0,0,1,0,0,0,0,0,0,0,-0.666252109754881,0,1,0,1,-0.5040186939779314,0,1,0,0,1,-0.3589262780879749,-0.1931247749713673,-
0,1,2.162123284025008,2.9205265493742174,0,1,0,0,0,1,0,0,0,0,0,0,0,0,0,0,0,0,1,0,0,1,0,0,0,0,0,0,0,0.9665036959697948,1,0,1,0,0.90593812987343,0,1,0,0,1,-1.0724988558115247,0.3783849460331684,+
1,0,1.5280989574918151,2.8209889363440404,0,1,0,0,0,1,0,0,0,0,0,0,0,0,1,0,0,0,0,0,0,0,0,0,0,0,1,0,0,-0.666252109754881,1,0,1,0,-0.302596290570594,0,1,0,0,1,-0.5135336699280774,-0.1931247749713673,-
1,0,-0.52867595778186,-0.7623651327423197,0,1,0,0,0,1,0,0,0,0,0,0,0,0,0,0,0,0,0,1,0,1,0,0,0,0,0,0,0,-0.5178197637799105,0,1,0,1,-0.5040186939779314,0,1,0,0,1,0.1167887737277249,-0.1931247749713673,-
1,0,-1.2827422234720034,-0.1482180603461296,0,1,0,0,0,1,0,0,0,0,0,0,0,1,0,0,0,0,0,0,0,0,0,0,0,1,0,0,0,-0.5430532625956555,0,1,0,1,-0.5040186939779314,1,0,0,0,1,-0.3589262780879749,-0.1931247749713673,-
1,0,-0.5988413165848665,1.4941525546517855,0,1,0,0,0,1,0,0,0,1,0,0,0,0,0,0,0,0,0,0,0,0,0,0,0,1,0,0,0,-0.1957215730142244,1,0,0,1,-0.5040186939779314,1,0,0,0,1,-0.3589262780879749,-0.1931247749713673,+
1,0,0.4434946762357014,-0.9365559555451288,1,0,0,1,0,0,0,0,0,0,0,0,0,0,0,0,0,0,1,0,0,1,0,0,0,0,0,0,0,-0.2209550718299694,0,1,0,1,-0.5040186939779314,1,0,0,0,1,0.3070747944540049,-0.1715979088135298,+
1,0,0.6269390480459718,-0.6130587131970546,0,1,0,0,0,1,0,0,0,0,0,1,0,0,0,0,0,0,0,0,0,1,0,0,0,0,0,0,0,-0.5178197637799105,0,1,0,1,-0.5040186939779314,1,0,0,0,1,0.7114325884973499,-0.1927437684906976,-
1,0,0.6827331887808924,0.0339357714990936,0,1,0,0,0,1,0,0,0,0,0,0,0,0,1,0,0,0,0,0,0,0,0,0,0,0,1,0,0,-0.666252109754881,0,1,1,0,-0.1011738871632567,0,1,0,0,1,-0.9714094073006886,-0.1929342717310325,-
0,1,-0.6554808230884984,-0.8200969482998222,0,1,0,0,0,1,0,1,0,0,0,0,0,0,0,0,0,0,0,0,0,1,0,0,0,0,0,0,0,-0.5920359367673957,0,1,1,0,-0.302596290570594,1,0,0,0,1,0.3546462996355749,-0.1923627620100279,-
1,0,2.134226213657547,1.4772311604366553,0,1,0,0,0,1,0,0,0,0,1,0,0,0,0,0,0,0,0,0,0,1,0,0,0,0,0,0,0,-0.2951712448174546,1,0,1,0,0.3016709196514179,1,0,0,0,1,0.1167887737277249,-0.1931247749713673,+
1,0,0.2253903079082834,-0.6548645106697288,0,1,0,0,0,1,0,0,0,0,0,0,0,0,0,0,0,1,0,0,0,1,0,0,0,0,0,0,0,-0.2090804841519717,1,0,1,0,-0.302596290570594,1,0,0,0,1,2.0196489809905245,9.332037241770896,+
1,0,1.97191598606505,2.124225645132804,0,1,0,0,0,1,0,0,0,0,0,0,0,0,0,1,0,0,0,0,1,0,0,0,0,0,0,0,0,-0.666252109754881,1,0,1,0,3.524429374168815,0,1,0,0,1,-0.1686402573616949,-0.1683593537278374,-
0,1,1.479067742906582,-0.662827519712143,0,1,0,0,0,1,0,0,0,0,0,0,1,0,0,0,0,0,0,0,0,0,0,0,1,0,0,0,0,-0.666252109754881,1,0,0,1,-0.5040186939779314,1,0,0,0,1,-0.4778550410418999,-0.1879811874823265,-
0,1,-0.585315464285492,-0.8280599573422363,0,1,0,0,0,1,0,0,0,0,0,0,0,0,0,0,0,0,0,1,0,0,0,0,0,1,0,0,0,-0.1467388988424841,1,0,0,1,-0.5040186939779314,0,1,0,0,1,1.3060764032669747,-0.1931247749713673,-
0,1,-0.0780960030589382,1.1616969271309951,0,1,0,0,0,1,0,0,0,1,0,0,0,0,0,0,0,0,0,0,0,0,0,0,0,1,0,0,0,-0.641018610939136,0,1,1,0,1.9130501469101169,1,0,0,0,1,-0.3054083347587086,-0.1925532652503628,-
1,0,-0.6698520411565843,-0.8698657548149105,1,0,0,1,0,0,0,1,0,0,0,0,0,0,0,0,0,0,0,0,0,1,0,0,0,0,0,0,0,0.1130177066137142,1,0,1,0,0.7045157264660926,1,0,0,0,1,0.1643602789092949,-0.127020150575176,-
1,0,0.2465244521260564,-0.6956749320121013,0,1,0,0,0,1,0,0,0,0,0,0,0,1,0,0,0,0,0,0,0,0,0,0,0,0,0,0,1,-0.6291440232611384,0,1,0,1,-0.5040186939779314,1,0,0,0,1,1.5439339291748246,0.6641398065354364,-
1,0,-0.2395608648827242,1.9251504190724504,0,1,0,0,0,1,0,0,0,0,0,0,0,0,0,0,1,0,0,0,0,1,0,0,0,0,0,0,0,-0.6291440232611384,0,1,0,1,-0.5040186939779314,0,1,0,0,1,-1.0724988558115247,-0.1386408482356016,-
1,0,2.867158335129917,1.2283871278612135,0,1,0,0,0,1,0,0,0,0,0,0,0,0,0,1,0,0,0,0,1,0,0,0,0,0,0,0,0,5.27104172924394,1,0,1,0,0.90593812987343,1,0,0,0,1,-0.9416772165622072,-0.1931247749713673,+
1,0,-0.8735851914159164,-0.7872495359998638,1,0,0,1,0,0,0,0,0,0,0,0,0,0,0,0,0,0,1,0,0,0,0,0,0,1,0,0,0,-0.5920359367673957,0,1,0,1,-0.5040186939779314,0,1,0,0,1,0.5925038255434248,-0.1542621139430589,-
1,0,-0.6909861853743574,-0.662827519712143,0,1,0,0,0,1,0,0,0,0,0,0,0,0,0,0,0,0,1,0,0,0,0,0,0,1,0,0,0,-0.2461885706457144,1,0,0,1,-0.5040186939779314,0,1,0,0,1,1.4368980425162925,-0.1550241269043983,+
0,1,-0.7332544738099035,-0.5055580911244638,0,1,0,0,0,1,0,0,0,1,0,0,0,0,0,0,0,0,0,0,0,0,0,0,0,1,0,0,0,0.013568034810484,1,0,1,0,0.90593812987343,1,0,0,0,1,-0.2399975151340499,0.2610349499869037,+
1,0,0.2955556667112898,-0.4637522936517896,0,1,0,0,0,1,0,0,0,0,0,0,0,1,0,0,0,0,0,0,0,1,0,0,0,0,0,0,0,-0.3693874178049399,0,1,0,1,-0.5040186939779314,1,0,0,0,1,0.1762531552046874,-0.1931247749713673,-
1,0,-0.8668222652662292,-0.662827519712143,0,1,0,0,0,1,0,1,0,0,0,0,0,0,0,0,0,0,0,0,0,1,0,0,0,0,0,0,0,-0.2209550718299694,0,1,0,1,-0.5040186939779314,0,1,0,0,1,-0.1805331336570874,-0.1916007490486885,+
1,0,0.2887927405616026,0.0339357714990936,0,1,0,0,0,1,1,0,0,0,0,0,0,0,0,0,0,0,0,0,0,0,0,0,0,1,0,0,0,1.560233079869677,1,0,1,0,0.7045157264660926,1,0,0,0,1,-1.0724988558115247,-0.002621534636522,+
1,0,0.5846707596104257,-0.8210923244301239,0,1,0,0,0,1,0,0,0,0,0,0,0,0,0,0,0,0,1,0,0,1,0,0,0,0,0,0,0,-0.5549278502736531,0,1,1,0,-0.1011738871632567,0,1,0,0,1,0.2654497274201312,-0.0978731548039447,-
0,1,1.2254580122933052,-0.1651394545612596,0,1,0,0,0,1,0,0,0,0,0,0,1,0,0,0,0,0,0,0,0,0,0,0,1,0,0,0,0,-0.666252109754881,1,0,0,1,-0.5040186939779314,0,1,0,0,1,-0.4778550410418999,-0.0102416642499158,+
0,1,-0.289437445236669,2.024688032102627,1,0,0,1,0,0,0,0,0,0,0,0,0,0,0,1,0,0,0,0,1,0,0,0,0,0,0,0,0,-0.666252109754881,1,0,0,1,-0.5040186939779314,0,1,0,0,1,-1.0724988558115247,2.3238040363326085,+
1,0,-0.9158534798514626,-0.8788241399876263,0,1,0,0,0,1,0,0,0,0,0,0,0,0,0,0,0,0,1,0,0,1,0,0,0,0,0,0,0,-0.6291440232611384,0,1,0,1,-0.5040186939779314,0,1,0,0,1,-1.0724988558115247,-0.1847426323966341,-
1,0,-0.746780326109278,1.1288495148310371,0,1,0,0,0,1,0,0,0,1,0,0,0,0,0,0,0,0,0,0,0,0,0,0,0,1,0,0,0,-0.2699377460017097,1,0,0,1,-0.5040186939779314,0,1,0,0,1,-0.4778550410418999,-0.1931247749713673,+
0,1,-1.0147612747906407,-0.9285929465027148,0,1,0,0,0,1,0,0,0,1,0,0,0,0,0,0,0,0,0,0,0,1,0,0,0,0,0,0,0,-0.6543775220768834,0,1,0,1,-0.5040186939779314,1,0,0,0,1,1.18714764031305,-0.1931247749713673,-
0,1,0.8027751279378437,-0.5553268976395522,1,0,0,1,0,0,0,0,0,1,0,0,0,0,0,0,0,0,0,0,0,0,0,0,0,1,0,0,0,-0.6291440232611384,1,0,1,0,4.128696584390827,1,0,0,0,1,1.6331305013902684,0.0423372300825014,+
0,1,-0.9445959159876344,1.0293119018008603,0,1,0,0,0,1,0,0,0,0,0,0,0,0,0,0,0,0,1,0,0,0,0,0,0,1,0,0,0,-0.3693874178049399,1,0,1,0,0.3016709196514179,0,1,0,0,1,-0.7751769484267124,0.0859624721191809,+
1,0,-0.1550242880116319,-0.679748913927273,0,1,0,0,0,1,0,1,0,0,0,0,0,0,0,0,0,0,0,0,0,0,0,0,0,1,0,0,0,-0.4436035907924252,1,0,1,0,-0.302596290570594,0,1,0,0,1,0.3546462996355749,-0.1740744509378828,+
1,0,2.2255257166783267,0.4400492326622145,0,1,0,0,0,1,0,0,0,0,1,0,0,0,0,0,0,0,0,0,0,1,0,0,0,0,0,0,0,3.4898535775442943,1,0,1,0,0.7045157264660926,1,0,0,0,1,1.0682188773591248,0.0606255411546465,+
1,0,-1.0003900567225548,-0.8867871490300405,0,1,0,0,0,1,0,0,0,1,0,0,0,0,0,0,0,0,0,0,0,1,0,0,0,0,0,0,0,-0.0725227258549988,1,0,1,0,-0.1011738871632567,1,0,0,0,1,-0.5967838039958249,-0.1931247749713673,+
1,0,-0.1626325799300305,-0.0158330350159946,0,1,0,0,0,1,0,0,0,0,1,0,0,0,0,0,0,0,0,0,0,1,0,0,0,0,0,0,0,-0.0725227258549988,0,1,1,0,-0.302596290570594,1,0,0,0,1,1.6628626921287497,-0.1801705546285978,-
1,0,0.9718482816800282,-0.9037085432451704,1,0,0,1,0,0,0,0,0,0,0,0,0,0,0,0,0,1,0,0,0,0,0,0,0,1,0,0,0,-0.1467388988424841,1,0,1,0,1.1073605332807674,0,1,0,0,1,-0.4778550410418999,-0.1216860598458003,+
1,0,0.7038673329986654,-0.8619027457724964,0,1,0,0,0,1,0,0,0,0,1,0,0,0,0,0,0,0,0,0,0,1,0,0,0,0,0,0,0,-0.5920359367673957,1,0,0,1,-0.5040186939779314,0,1,1,0,0,0.6400753307249949,-0.1931247749713673,-
1,0,1.457933598688809,0.7306990627103304,0,1,0,0,0,1,0,0,0,0,0,0,0,0,0,0,0,0,1,0,0,0,0,0,0,1,0,0,0,3.0445565396193826,1,0,1,0,1.3087829366881047,0,1,0,0,1,0.0038064489214962,0.1221580877828015,+
1,0,0.6827331887808924,1.808691411827144,0,1,0,0,0,1,0,1,0,0,0,0,0,0,0,0,0,0,0,0,0,1,0,0,0,0,0,0,0,1.8942058583133607,1,0,1,0,0.7045157264660926,1,0,0,0,1,-0.6562481854727874,-0.1931247749713673,+
0,1,-1.2683710054039177,-0.7125963262272313,0,1,0,0,0,1,0,0,0,1,0,0,0,0,0,0,0,0,0,0,0,1,0,0,0,0,0,0,0,-0.5920359367673957,0,1,1,0,-0.302596290570594,0,1,0,0,1,-0.4302835358603299,-0.1744554574185525,-
0,1,-0.5498101019996331,-0.7872495359998638,0,1,0,0,0,1,1,0,0,0,0,0,0,0,0,0,0,0,0,0,0,0,0,0,0,1,0,0,0,-0.3575128301269423,1,0,0,1,-0.5040186939779314,1,0,0,0,1,-0.1210687521801249,0.9232242133908258,+
1,0,3.543450950098656,2.572144903768599,0,1,0,0,0,1,0,0,0,0,0,0,0,0,1,0,0,0,0,0,0,0,0,0,0,0,1,0,0,-0.666252109754881,1,0,0,1,-0.5040186939779314,1,0,0,0,1,-1.0724988558115247,-0.1931247749713673,+
1,0,-0.2750662271685831,-0.7872495359998638,0,1,0,0,0,1,0,0,0,0,1,0,0,0,0,0,0,0,0,0,0,1,0,0,0,0,0,0,0,-0.3812620054829376,1,0,1,0,0.1002485162440806,1,0,0,0,1,1.2822906506761895,-0.1931247749713673,+
1,0,-0.6698520411565843,-0.795212545042278,0,1,0,0,0,1,0,0,0,0,0,0,0,1,0,0,0,0,0,0,0,0,0,0,0,1,0,0,0,-0.641018610939136,0,1,0,1,-0.5040186939779314,1,0,0,0,1,0.2357175366816499,-0.1921722587696931,-
1,0,-0.0425906407730793,-0.5463685124668363,0,1,0,0,0,1,0,0,0,0,0,0,0,0,0,0,0,0,1,0,0,1,0,0,0,0,0,0,0,-0.641018610939136,0,1,0,1,-0.5040186939779314,0,1,0,0,1,0.7114325884973499,-0.1931247749713673,-
1,0,0.2744215224935168,-0.4637522936517896,0,1,0,0,0,1,0,0,0,0,0,0,0,0,0,0,0,1,0,0,0,0,0,0,0,0,0,0,1,-0.5178197637799105,0,1,0,1,-0.5040186939779314,0,1,0,0,1,0.9968616195867698,-0.1931247749713673,-
1,0,-0.3596028040396754,-0.6299801074121847,0,1,0,0,0,1,0,0,0,0,0,0,0,0,0,0,0,1,0,0,0,0,0,0,0,1,0,0,0,0.8433048488105693,1,0,1,0,1.3087829366881047,0,1,0,0,1,1.3001299651192786,-0.0355785952144503,+
1,0,0.0774512983838718,-0.364214680621613,0,1,0,0,0,1,0,0,0,0,0,0,0,0,0,0,1,0,0,0,0,1,0,0,0,0,0,0,0,-0.6172694355831407,0,1,0,1,-0.5040186939779314,1,0,0,0,1,-0.3589262780879749,-0.1931247749713673,-
1,0,1.0842819289185808,-0.8619027457724964,0,1,0,0,0,1,0,0,0,0,0,0,0,1,0,0,0,0,0,0,0,0,0,0,0,1,0,0,0,0.8180713499948243,1,0,0,1,-0.5040186939779314,1,0,0,0,1,0.8303613514512749,-0.1931247749713673,+
0,1,-0.25393208295081,-0.3562516715791988,1,0,0,1,0,0,1,0,0,0,0,0,0,0,0,0,0,0,0,0,0,0,0,0,0,1,0,0,0,0.0877842077979693,1,0,1,0,-0.302596290570594,0,1,0,0,1,-0.6562481854727874,-0.1931247749713673,+
1,0,0.0140488657305526,-0.7962079211725797,0,1,0,0,0,1,1,0,0,0,0,0,0,0,0,0,0,0,0,0,0,1,0,0,0,0,0,0,0,-0.2699377460017097,1,0,1,0,1.1073605332807674,1,0,0,0,1,0.7292719029404386,0.4336308857302735,+
0,1,0.5981966119098001,0.0339357714990936,0,1,0,0,0,1,0,0,0,0,0,0,0,0,0,0,0,1,0,0,0,1,0,0,0,0,0,0,0,3.341421231569324,1,0,0,1,-0.5040186939779314,1,0,0,0,1,4.755010528930799,-0.1931247749713673,-
1,0,-0.9724929863550944,1.2373455130339297,0,1,0,0,0,1,0,0,0,0,0,0,0,0,0,0,0,0,1,0,0,1,0,0,0,0,0,0,0,-0.0725227258549988,0,1,0,1,-0.5040186939779314,1,0,0,0,1,-0.2637832677248349,-0.1931247749713673,-
1,0,-0.9369876240692356,-0.5961373189819247,0,1,0,0,0,1,0,0,0,0,0,0,0,0,0,0,0,0,1,0,0,1,0,0,0,0,0,0,0,0.0016934471324863,1,0,1,0,-0.302596290570594,0,1,0,0,1,-0.4778550410418999,-0.1645492889211405,+
1,0,1.457933598688809,4.281205719496732,1,0,0,1,0,0,0,0,0,0,0,0,0,0,1,0,0,0,0,0,0,0,0,0,0,0,1,0,0,-0.666252109754881,1,0,0,1,-0.5040186939779314,1,0,0,0,1,-1.0724988558115247,-0.1931247749713673,-
0,1,2.1409891398072345,-0.1153706480461713,1,0,0,1,0,0,0,0,0,0,0,0,0,0,1,0,0,0,0,0,0,0,0,0,0,0,1,0,0,0.8180713499948243,0,1,0,1,-0.5040186939779314,1,0,0,0,1,-1.0724988558115247,-0.1923627620100279,-
1,0,0.6058049038281987,-0.9196345613299988,0,1,0,0,0,1,0,0,0,0,0,1,0,0,0,0,0,0,0,0,0,1,0,0,0,0,0,0,0,-0.641018610939136,1,0,0,1,-0.5040186939779314,1,0,0,0,1,0.5925038255434248,-0.1931247749713673,+
1,0,-0.310571589454442,-0.662827519712143,0,1,0,0,0,1,0,1,0,0,0,0,0,0,0,0,0,0,0,0,0,1,0,0,0,0,0,0,0,-0.0725227258549988,1,0,1,0,1.7116277435027794,1,0,0,0,1,1.5082553002886472,-0.1864571615596477,+
1,0,-0.4931705954960011,-0.5214841092092921,1,0,0,1,0,0,0,0,0,0,0,0,0,0,0,0,0,0,0,1,0,1,0,0,0,0,0,0,0,0.5212066580448832,1,0,0,1,-0.5040186939779314,0,1,0,0,1,0.04543151595537,-0.1931247749713673,-
1,0,-0.9302246979195484,1.0293119018008603,1,0,0,1,0,0,0,0,0,0,0,0,0,0,0,0,0,0,1,0,0,1,0,0,0,0,0,0,0,0.0759096201199716,1,0,0,1,-0.5040186939779314,0,1,1,0,0,-0.8346413299036748,-0.1931247749713673,+
1,0,-1.134803213947592,0.382317417104712,1,0,0,1,0,0,0,0,0,0,1,0,0,0,0,0,0,0,0,0,0,1,0,0,0,0,0,0,0,-0.6543775220768834,0,1,0,1,-0.5040186939779314,0,1,0,0,1,-0.2399975151340499,-0.1931247749713673,-
0,1,3.141902209960968,2.024688032102627,0,1,0,0,0,1,0,0,0,0,0,0,0,0,0,1,0,0,0,0,1,0,0,0,0,0,0,0,0,-0.666252109754881,1,0,1,0,2.315894953724792,0,1,0,0,1,-1.0724988558115247,0.4500141643990702,+
0,1,2.049689636786455,0.4480122417046286,0,1,0,0,0,1,0,0,0,0,0,1,0,0,0,0,0,0,0,0,0,0,0,0,0,1,0,0,0,1.3375845609072212,1,0,1,0,0.1002485162440806,1,0,0,0,1,-0.4778550410418999,-0.183599612954625,-
1,0,-0.585315464285492,1.5269999669517438,0,1,0,0,0,1,0,1,0,0,0,0,0,0,0,0,0,0,0,0,0,1,0,0,0,0,0,0,0,-0.4064955042986826,1,0,0,1,-0.5040186939779314,1,0,0,0,1,0.4735750625894999,-0.1931247749713673,-
1,0,-0.7188832557418177,-0.812133939257408,0,1,0,0,0,1,0,0,0,0,1,0,0,0,0,0,0,0,0,0,0,1,0,0,0,0,0,0,0,-0.5178197637799105,1,0,0,1,-0.5040186939779314,1,0,1,0,0,0.8303613514512749,-0.1931247749713673,-
1,0,-1.0925349255120458,1.0870437173583627,0,1,0,0,0,1,0,0,0,0,0,0,0,0,1,0,0,0,0,0,0,0,0,0,0,0,1,0,0,-0.5430532625956555,0,1,0,1,-0.5040186939779314,0,1,0,0,1,-0.5967838039958249,-0.1931247749713673,-
1,0,-1.0992978516617329,-0.5632899066819663,0,1,0,0,0,1,0,0,0,0,0,0,0,1,0,0,0,0,0,0,0,1,0,0,0,0,0,0,0,-0.2209550718299694,1,0,1,0,-0.1011738871632567,0,1,0,0,1,-0.3589262780879749,-0.1359738028709137,+
1,0,0.1687508014046514,-0.6130587131970546,0,1,0,0,0,1,1,0,0,0,0,0,0,0,0,0,0,0,0,0,0,0,0,0,0,1,0,0,0,0.6696390040198538,1,0,1,0,0.3016709196514179,1,0,0,0,1,0.4319499955556262,-0.0298634980044049,+
1,0,-0.450902307060455,-0.9116715522875848,0,1,0,0,0,1,0,0,0,0,0,0,0,1,0,0,0,0,0,0,0,0,0,0,0,0,0,0,1,-0.666252109754881,1,0,0,1,-0.5040186939779314,1,0,0,0,1,-1.0724988558115247,-0.1931247749713673,+
1,0,-0.7121203295921305,-0.4637522936517896,0,1,0,0,0,1,0,0,0,0,0,0,0,0,1,0,0,0,0,0,0,0,0,0,0,0,1,0,0,-0.641018610939136,0,1,0,1,-0.5040186939779314,1,0,0,0,1,-0.4778550410418999,0.6085128603576615,-
0,1,0.0351830099483257,-0.3393302773640688,0,1,0,0,0,1,0,0,0,0,0,0,0,0,1,0,0,0,0,0,0,0,0,0,0,0,1,0,0,0.2362165537729398,0,1,1,0,-0.1011738871632567,1,0,0,0,1,0.1167887737277249,-0.1923627620100279,-
1,0,-0.4086340186249088,-0.1153706480461713,0,1,0,0,0,1,0,0,0,0,0,0,0,0,0,0,0,1,0,0,0,1,0,0,0,0,0,0,0,0.6072974187103661,1,0,1,0,-0.302596290570594,1,0,0,0,1,-0.3589262780879749,-0.1931247749713673,+
1,0,0.1755137275543386,-0.9116715522875848,0,1,0,0,0,1,0,0,0,0,0,0,0,1,0,0,0,0,0,0,0,0,0,0,0,0,0,0,1,0.5212066580448832,0,1,0,1,-0.5040186939779314,1,0,1,0,0,1.4250051662208998,-0.1931247749713673,-
0,1,1.845111120758412,-0.9285929465027148,0,1,0,0,0,1,0,0,0,0,0,0,0,0,1,0,0,0,0,0,0,0,0,0,0,0,1,0,0,-0.666252109754881,0,1,0,1,-0.5040186939779314,1,0,1,0,0,-0.7038196906543573,-0.1879811874823265,-
1,0,1.4012940921851769,-0.214908261076348,0,1,0,0,0,1,0,0,0,0,0,0,0,1,0,0,0,0,0,0,0,0,0,0,0,0,0,0,1,-0.3693874178049399,0,1,0,1,-0.5040186939779314,0,1,0,0,1,-0.4778550410418999,-0.1927437684906976,-
1,0,-0.176158432229405,-0.7125963262272313,0,1,0,0,0,1,0,0,0,0,0,0,0,0,0,0,0,0,1,0,0,0,0,0,0,1,0,0,0,-0.5920359367673957,0,1,1,0,-0.1011738871632567,1,0,0,0,1,1.3060764032669747,-0.172550425015204,-
0,1,-1.0714007812942727,0.9377372978130976,0,1,0,0,0,1,0,0,0,0,0,0,0,0,0,0,0,0,0,1,0,1,0,0,0,0,0,0,0,-0.641018610939136,1,0,0,1,-0.5040186939779314,0,1,0,0,1,-0.4778550410418999,-0.1931247749713673,+
1,0,-0.606449608503265,0.3574330138471678,1,0,0,1,0,0,0,0,0,0,0,0,0,0,0,0,1,0,0,0,0,1,0,0,0,0,0,0,0,0.9665036959697948,1,0,0,1,-0.5040186939779314,1,0,1,0,0,-0.4778550410418999,-0.1931247749713673,+
1,0,-0.5920783904351792,1.693227780712139,1,0,0,1,0,0,0,0,0,0,0,0,0,0,0,0,0,0,0,1,0,1,0,0,0,0,0,0,0,-0.6543775220768834,0,1,0,1,-0.5040186939779314,1,0,0,0,1,-0.3589262780879749,-0.1026357358123158,-
1,0,0.5068971088890206,-0.6130587131970546,1,0,0,1,0,0,0,0,0,0,0,0,0,0,0,0,0,0,1,0,0,0,0,0,0,0,0,0,1,-0.5920359367673957,1,0,0,1,-0.5040186939779314,1,0,0,0,1,-0.0972829995893399,-0.1169234788374292,-
1,0,-0.7966569064632227,1.2283871278612135,0,1,0,0,0,1,0,0,0,0,0,0,0,0,0,0,0,1,0,0,0,1,0,0,0,0,0,0,0,-0.4688370896081701,1,0,0,1,-0.5040186939779314,0,1,0,0,1,-0.4778550410418999,-0.1931247749713673,+
1,0,-1.0291324928587264,0.9297742887706836,0,1,0,0,0,1,0,0,0,1,0,0,0,0,0,0,0,0,0,0,0,1,0,0,0,0,0,0,0,-0.3693874178049399,1,0,0,1,-0.5040186939779314,1,0,0,0,1,-0.7157125669497498,-0.1169234788374292,+
1,0,-0.1626325799300305,-0.0656018415310829,0,1,0,0,0,1,0,1,0,0,0,0,0,0,0,0,0,0,0,0,0,1,0,0,0,0,0,0,0,1.560233079869677,1,0,1,0,-0.1011738871632567,1,0,0,0,1,0.8898257329282373,-0.1931247749713673,+
0,1,-0.5709442462174061,1.5269999669517438,0,1,0,0,0,1,0,0,0,0,0,0,0,0,0,0,0,0,0,1,0,1,0,0,0,0,0,0,0,-0.2209550718299694,1,0,1,0,1.9130501469101169,1,0,0,0,1,-0.3589262780879749,-0.08510943770151,+
1,0,-1.021524200940328,-0.662827519712143,1,0,0,1,0,0,0,0,0,0,0,0,0,0,0,0,0,1,0,0,0,1,0,0,0,0,0,0,0,-0.0725227258549988,1,0,0,1,-0.5040186939779314,1,0,0,0,1,-0.4778550410418999,-0.1893147101646704,-
1,0,-0.7966569064632227,-0.7962079211725797,0,1,0,0,0,1,0,0,0,0,0,0,0,0,0,0,0,0,1,0,0,0,0,0,0,1,0,0,0,-0.0235400516832585,0,1,0,1,-0.5040186939779314,1,0,0,0,1,-0.3113547729064049,-0.1931247749713673,+
0,1,-0.4864076693463138,-0.8619027457724964,0,1,0,0,0,1,0,0,0,0,0,0,0,0,0,0,0,0,1,0,0,0,0,0,0,1,0,0,0,-0.4064955042986826,1,0,0,1,-0.5040186939779314,1,0,0,0,1,1.847202274707333,-0.1931247749713673,+
0,1,-0.7400173999595907,0.2658584098594053,0,1,0,0,0,1,0,0,0,0,0,0,0,0,0,0,0,0,0,1,0,1,0,0,0,0,0,0,0,-0.6172694355831407,0,1,0,1,-0.5040186939779314,0,1,0,0,1,0.2357175366816499,-0.002621534636522,-
1,0,-0.746780326109278,-0.9285929465027148,0,1,0,0,0,1,0,0,0,0,0,0,0,0,0,0,0,0,1,0,0,0,0,0,1,0,0,0,0,0.0016934471324863,0,1,0,1,-0.5040186939779314,1,0,1,0,0,-1.0724988558115247,-0.1931247749713673,+
1,0,0.394463461650468,2.6467981135412315,0,1,0,0,0,1,0,1,0,0,0,0,0,0,0,0,0,0,0,0,0,1,0,0,0,0,0,0,0,-0.641018610939136,0,1,0,1,-0.5040186939779314,0,1,0,0,1,0.8303613514512749,0.483542734698003,-
0,1,-0.3663657301893626,-0.7125963262272313,0,1,0,0,0,1,0,0,0,0,0,0,0,0,1,0,0,0,0,0,0,0,0,0,0,0,1,0,0,-0.666252109754881,0,1,1,0,-0.302596290570594,0,1,0,0,1,-0.5254265462234698,-0.1359738028709137,-
1,0,-0.7121203295921305,-0.961440358802673,0,1,0,0,0,1,0,0,0,0,0,1,0,0,0,0,0,0,0,0,0,1,0,0,0,0,0,0,0,-0.3693874178049399,0,1,1,0,1.7116277435027794,0,1,1,0,0,-1.0724988558115247,-0.1931247749713673,-
0,1,-0.5920783904351792,-0.8619027457724964,0,1,0,0,0,1,0,0,0,1,0,0,0,0,0,0,0,0,0,0,0,0,0,0,0,1,0,0,0,-0.2209550718299694,1,0,0,1,-0.5040186939779314,0,1,0,0,1,0.5925038255434248,-0.0361501049354548,+
1,0,0.1121112949010194,-0.4637522936517896,0,1,0,0,0,1,0,0,0,0,0,0,0,0,0,0,0,1,0,0,0,0,0,0,0,1,0,0,0,0.1501257931074569,1,0,1,0,0.7045157264660926,0,1,0,0,1,-0.1210687521801249,0.201597939002432,+
1,0,-1.1838344285328253,3.4182146145251004,0,0,1,0,1,0,0,0,0,0,0,0,0,0,1,0,0,0,0,0,0,0,1,0,0,0,0,0,0,-0.666252109754881,0,1,0,1,-0.5040186939779314,1,0,0,1,0,1.6033983106517873,18.85719925851316,+
1,0,-0.0637247849908523,-0.645906125497013,0,1,0,0,0,1,0,0,0,0,0,0,0,0,0,0,1,0,0,0,0,1,0,0,0,0,0,0,0,-0.4925862649641655,0,1,0,1,-0.5040186939779314,1,0,1,0,0,-1.0724988558115247,-0.1931247749713673,-
1,0,-0.4086340186249088,1.9420718132875807,0,1,0,0,0,1,0,0,0,0,0,0,0,1,0,0,0,0,0,0,0,0,0,0,0,0,0,0,1,-0.666252109754881,0,1,0,1,-0.5040186939779314,1,0,0,0,1,-0.0140328655215924,-0.1931247749713673,-
0,1,-0.5709442462174061,1.7589226053120552,0,1,0,0,0,1,0,0,0,1,0,0,0,0,0,0,0,0,0,0,0,0,0,0,0,1,0,0,0,-0.2209550718299694,0,1,0,1,-0.5040186939779314,0,1,0,0,1,0.5925038255434248,-0.1929342717310325,-
1,0,0.5280312531067937,0.4320862236198003,0,1,0,0,0,1,0,0,0,1,0,0,0,0,0,0,0,0,0,0,0,0,0,0,0,1,0,0,0,2.7476918476694414,1,0,1,0,0.90593812987343,1,0,0,0,1,0.7114325884973499,-0.1921722587696931,-
0,1,0.7884039098697578,1.0293119018008603,0,1,0,0,0,1,0,0,0,1,0,0,0,0,0,0,0,0,0,0,0,0,0,0,0,1,0,0,0,-0.1467388988424841,1,0,0,1,-0.5040186939779314,0,1,0,0,1,-0.9000521495283336,-0.0336735628111018,+
1,0,-1.3106392938394638,-0.3393302773640688,0,1,0,0,0,1,0,1,0,0,0,0,0,0,0,0,0,0,0,0,0,1,0,0,0,0,0,0,0,-0.641018610939136,0,1,1,0,-0.302596290570594,0,1,0,0,1,-1.0724988558115247,-0.1919817555293582,-
1,0,0.8382804902237025,0.0339357714990936,0,1,0,0,0,1,0,0,0,1,0,0,0,0,0,0,0,0,0,0,0,0,0,0,0,1,0,0,0,0.8180713499948243,1,0,1,0,0.7045157264660926,1,0,0,0,1,1.722327073605712,-0.1931247749713673,+
1,0,0.0985854426016449,0.830236675740507,1,0,0,1,0,0,0,1,0,0,0,0,0,0,0,0,0,0,0,0,0,0,0,0,0,1,0,0,0,0.8922875229823096,1,0,0,1,-0.5040186939779314,1,0,0,0,1,-0.1567473810663024,-0.1931247749713673,+
1,0,2.641445674884101,0.4320862236198003,0,1,0,0,0,1,0,0,0,0,0,0,0,0,0,1,0,0,0,0,1,0,0,0,0,0,0,0,0,-0.666252109754881,0,1,0,1,-0.5040186939779314,0,1,0,0,1,-1.0724988558115247,-0.1908387360873492,-
1,0,0.7960122017881563,-0.795212545042278,0,1,0,0,0,1,0,0,0,0,0,0,0,0,1,0,0,0,0,0,0,0,0,0,0,0,1,0,0,-0.666252109754881,1,0,0,1,-0.5040186939779314,0,1,0,0,1,-0.2994618966110124,-0.1929342717310325,-
1,0,-0.8524510471981434,-0.812133939257408,1,0,0,1,0,0,0,0,1,0,0,0,0,0,0,0,0,0,0,0,0,0,0,1,0,0,0,0,0,-0.4436035907924252,0,1,0,1,-0.5040186939779314,1,0,0,0,1,-0.2875690203156199,-0.1927437684906976,-
0,1,-1.134803213947592,-0.8867871490300405,0,0,1,0,1,0,0,0,0,0,0,0,0,0,0,0,0,1,0,0,0,0,0,0,0,0,1,0,0,2.3023948097445297,0,1,0,1,-0.5040186939779314,1,0,1,0,0,0.7114325884973499,-0.1931247749713673,+
0,1,-1.1694632104647396,-0.961440358802673,1,0,0,1,0,0,0,0,0,0,0,0,1,0,0,0,0,0,0,0,0,0,0,0,0,0,1,0,0,-0.666252109754881,0,1,0,1,-0.5040186939779314,0,1,0,0,1,-0.5611051751096474,-0.1931247749713673,-
0,1,-0.2327979387330369,-0.214908261076348,0,1,0,0,0,1,0,0,0,0,0,0,0,0,0,0,0,0,1,0,0,1,0,0,0,0,0,0,0,-0.3441539189891949,1,0,1,0,-0.302596290570594,1,0,0,0,1,1.1336296969837836,-0.1931247749713673,+
1,0,0.8171463460059295,-0.7125963262272313,1,0,0,1,0,0,0,1,0,0,0,0,0,0,0,0,0,0,0,0,0,1,0,0,0,0,0,0,0,-0.5920359367673957,0,1,0,1,-0.5040186939779314,0,1,0,0,1,-1.0724988558115247,-0.1559766431060725,-
1,0,1.4089023841035755,-0.2646770675914363,0,1,0,0,0,1,0,0,0,0,0,0,0,0,0,0,0,0,0,1,0,1,0,0,0,0,0,0,0,0.3727743120699127,1,0,0,1,-0.5040186939779314,0,1,1,0,0,0.2951819181586124,-0.1931247749713673,+
1,0,0.3868551697320694,-0.4557892846093755,0,1,0,0,0,1,0,0,0,0,0,0,0,0,1,0,0,0,0,0,0,0,0,0,0,0,1,0,0,-0.666252109754881,0,1,0,1,-0.5040186939779314,0,1,0,0,1,-1.0724988558115247,-0.002621534636522,-
0,1,-1.1060607778114202,0.8800054822555954,0,1,0,0,0,1,0,0,0,1,0,0,0,0,0,0,0,0,0,0,0,1,0,0,0,0,0,0,0,-0.3070458324954523,1,0,1,0,0.3016709196514179,0,1,0,0,1,-0.7157125669497498,-0.0902530251905509,+
1,0,-1.0147612747906407,0.946695682985814,0,1,0,0,0,1,0,0,0,0,0,0,0,0,0,0,0,0,0,1,0,1,0,0,0,0,0,0,0,-0.4317290031144276,0,1,0,1,-0.5040186939779314,0,1,0,0,1,-0.5967838039958249,-0.1264486408541715,-
0,1,-0.9369876240692356,1.1288495148310371,1,0,0,1,0,0,1,0,0,0,0,0,0,0,0,0,0,0,0,0,0,0,0,0,0,1,0,0,0,-0.666252109754881,0,1,0,1,-0.5040186939779314,1,0,0,0,1,-0.1567473810663024,-0.1870286712806523,-
1,0,-0.5354388839315473,-0.2646770675914363,0,1,0,0,0,1,0,0,0,0,0,0,0,0,0,0,0,1,0,0,0,1,0,0,0,0,0,0,0,-0.4807116772861678,1,0,1,0,0.90593812987343,0,1,0,0,1,-1.0724988558115247,1.1516375985523053,+
1,0,-0.7121203295921305,1.3279247408913903,0,1,0,0,0,1,0,1,0,0,0,0,0,0,0,0,0,0,0,0,0,0,0,0,0,1,0,0,0,-0.0354146393612562,1,0,1,0,1.7116277435027794,1,0,0,0,1,0.6519682070203874,-0.1390218547162713,+
0,1,0.4434946762357014,-0.0237960440584087,0,1,0,0,0,1,0,0,0,0,0,0,0,0,1,0,0,0,0,0,0,0,0,0,0,0,1,0,0,-0.666252109754881,0,1,0,1,-0.5040186939779314,0,1,0,0,1,-0.1210687521801249,-0.1931247749713673,-
1,0,0.8171463460059295,-0.6956749320121013,0,1,0,0,0,1,0,0,0,0,0,0,0,0,0,0,1,0,0,0,0,1,0,0,0,0,0,0,0,-0.6172694355831407,0,1,0,1,-0.5040186939779314,0,1,0,0,1,-0.0734972469985549,-0.1931247749713673,-
1,0,0.4079893139498424,-0.2069452520339338,0,1,0,0,0,1,0,1,0,0,0,0,0,0,0,0,0,0,0,0,0,1,0,0,0,0,0,0,0,-0.3204047436331996,1,0,0,1,-0.5040186939779314,1,0,0,0,1,0.1167887737277249,-0.1931247749713673,-
1,0,2.381073018121137,-0.6548645106697288,0,1,0,0,0,1,0,0,0,1,0,0,0,0,0,0,0,0,0,0,0,1,0,0,0,0,0,0,0,-0.6291440232611384,1,0,0,1,-0.5040186939779314,1,0,0,0,1,0.4735750625894999,-0.1931247749713673,+
1,0,-0.3874998744071357,-0.513521100166878,0,1,0,0,0,1,0,0,0,0,0,0,0,1,0,0,0,0,0,0,0,0,0,0,0,0,0,0,1,-0.5178197637799105,0,1,0,1,-0.5040186939779314,1,0,0,0,1,2.7332215587140745,0.5688881863680136,-
1,0,0.4367317500860141,-0.3144458741065246,0,1,0,0,0,1,0,0,0,1,0,0,0,0,0,0,0,0,0,0,0,0,0,0,0,1,0,0,0,2.005530117794589,1,0,0,1,-0.5040186939779314,1,0,0,0,1,-0.4659621647465074,-0.0713932043974012,+
0,1,-0.5641813200677189,-0.0656018415310829,0,1,0,0,0,1,0,1,0,0,0,0,0,0,0,0,0,0,0,0,0,1,0,0,0,0,0,0,0,-0.3693874178049399,0,1,0,1,-0.5040186939779314,1,0,0,0,1,1.0682188773591248,-0.1919817555293582,-
1,0,-0.0070852784872204,2.124225645132804,0,1,0,0,0,1,0,0,0,0,0,0,0,0,0,0,0,0,1,0,0,1,0,0,0,0,0,0,0,-0.5178197637799105,1,0,0,1,-0.5040186939779314,0,1,0,0,1,-0.3589262780879749,-0.1931247749713673,-
1,0,-0.6275837527210382,0.830236675740507,0,1,0,0,0,1,0,0,0,0,0,0,0,0,0,0,0,0,0,1,0,1,0,0,0,0,0,0,0,-0.5920359367673957,0,1,0,1,-0.5040186939779314,1,0,0,0,1,-1.0724988558115247,-0.1931247749713673,-
1,0,-0.6275837527210382,-0.7872495359998638,0,1,0,0,0,1,0,0,0,0,1,0,0,0,0,0,0,0,0,0,0,1,0,0,0,0,0,0,0,-0.641018610939136,0,1,1,0,0.3016709196514179,0,1,0,0,1,0.4378964337033224,0.1783565436815809,-
1,0,-0.7890486145448241,-0.513521100166878,0,1,0,0,0,1,0,0,0,0,0,0,0,1,0,0,0,0,0,0,0,1,0,0,0,0,0,0,0,-0.6291440232611384,0,1,0,1,-0.5040186939779314,0,1,0,0,1,-0.1210687521801249,-0.1912197425680188,-
1,0,0.5635366153926525,1.0541963050584044,0,1,0,0,0,1,1,0,0,0,0,0,0,0,0,0,0,0,0,0,0,1,0,0,0,0,0,0,0,0.0759096201199716,1,0,1,0,0.7045157264660926,0,1,0,0,1,2.0196489809905245,-0.1557861398657376,+
0,1,-0.7543886180276765,1.1786183213461254,0,1,0,0,0,1,0,0,0,1,0,0,0,0,0,0,0,0,0,0,0,1,0,0,0,0,0,0,0,-0.5430532625956555,1,0,1,0,0.5030933230587553,1,0,0,0,1,-1.0724988558115247,-0.086442960383854,+
1,0,1.929647697629504,0.382317417104712,0,1,0,0,0,1,0,0,0,0,0,0,0,0,0,0,0,0,1,0,0,0,0,0,0,1,0,0,0,0.1130177066137142,1,0,1,0,1.7116277435027794,1,0,0,0,1,-1.0724988558115247,-0.1390218547162713,+
1,0,-0.7611515441773639,1.3279247408913903,1,0,0,1,0,0,0,0,0,0,1,0,0,0,0,0,0,0,0,0,0,1,0,0,0,0,0,0,0,-0.2209550718299694,0,1,0,1,-0.5040186939779314,1,0,0,0,1,-1.0724988558115247,0.5688881863680136,-
0,1,-0.8313169029803703,1.3279247408913903,1,0,0,1,0,0,0,0,0,0,0,0,1,0,0,0,0,0,0,0,0,0,0,0,1,0,0,0,0,-0.666252109754881,1,0,1,0,1.7116277435027794,1,0,0,0,1,-1.0724988558115247,-0.1931247749713673,+
1,0,2.366701800053051,-0.4139834871367013,0,1,0,0,0,1,0,1,0,0,0,0,0,0,0,0,0,0,0,0,0,1,0,0,0,0,0,0,0,-0.1467388988424841,1,0,1,0,0.5030933230587553,1,0,0,0,1,-0.7157125669497498,-0.1820755870319463,+
1,0,1.3666340956680294,-0.4637522936517896,0,1,0,0,0,1,0,0,0,0,1,0,0,0,0,0,0,0,0,0,0,0,0,0,0,0,0,0,1,0.0759096201199716,1,0,1,0,1.9130501469101169,1,0,0,0,1,1.3655407847439371,0.2850383582690942,+
0,1,1.4089023841035755,-0.6956749320121013,0,1,0,0,0,1,0,0,0,0,0,0,0,1,0,0,0,0,0,0,0,0,1,0,0,0,0,0,0,-0.5668024379516508,0,1,0,1,-0.5040186939779314,0,1,0,0,1,-1.0724988558115247,-0.1702643861311859,-
0,1,0.8306721983053039,-0.7623651327423197,0,1,0,0,0,1,0,0,0,0,0,0,0,1,0,0,0,0,0,0,0,0,0,0,0,0,0,0,1,0.0016934471324863,1,0,0,1,-0.5040186939779314,1,0,0,0,1,-1.0724988558115247,-0.1359738028709137,+
1,0,0.2744215224935168,2.024688032102627,0,1,0,0,0,1,0,0,1,0,0,0,0,0,0,0,0,0,0,0,0,0,0,1,0,0,0,0,0,0.9293956094760524,1,0,1,0,1.3087829366881047,1,0,0,0,1,-1.0724988558115247,-0.167597340766498,+
0,1,-0.8101827587625972,1.3607721531913486,0,1,0,0,0,1,0,0,0,0,0,1,0,0,0,0,0,0,0,0,0,0,0,0,0,1,0,0,0,-0.641018610939136,0,1,0,1,-0.5040186939779314,0,1,0,0,1,0.8303613514512749,-0.1921722587696931,-
1,0,-0.4652735251285408,-0.7623651327423197,0,1,0,0,0,1,0,0,0,1,0,0,0,0,0,0,0,0,0,0,0,1,0,0,0,0,0,0,0,-0.1467388988424841,1,0,0,1,-0.5040186939779314,1,0,0,0,1,0.5925038255434248,-0.1931247749713673,+
1,0,0.7672697656519847,-0.662827519712143,0,1,0,0,0,1,0,0,0,0,0,0,0,1,0,0,0,0,0,0,0,0,0,0,0,0,0,0,1,-0.666252109754881,0,1,0,1,-0.5040186939779314,0,1,1,0,0,0.7114325884973499,-0.1931247749713673,-
1,0,-0.7890486145448241,1.452346757179111,0,1,0,0,0,1,0,0,0,0,0,0,0,0,0,0,0,0,1,0,0,1,0,0,0,0,0,0,0,0.3237916378981724,0,1,1,0,-0.1011738871632567,1,0,0,0,1,-0.0021399892261999,-0.1601677143934391,-
1,0,0.3099268847793757,-0.0656018415310829,0,1,0,0,0,1,1,0,0,0,0,0,0,0,0,0,0,0,0,0,0,0,0,0,0,1,0,0,0,1.04071986895728,0,1,0,1,-0.5040186939779314,1,0,1,0,0,3.1554186672005087,-0.1931247749713673,+
0,1,-0.4162423105433074,-0.4557892846093755,1,0,0,1,0,0,0,0,0,0,0,0,0,0,1,0,0,0,0,0,0,0,0,0,0,0,1,0,0,-0.666252109754881,0,1,0,1,-0.5040186939779314,1,0,0,0,1,-0.0021399892261999,-0.1816945805512766,-
1,0,-0.1905296502974908,1.9828822346299528,0,1,0,0,0,1,0,0,0,0,0,0,0,0,0,0,0,0,0,1,0,1,0,0,0,0,0,0,0,0.829945937672822,1,0,1,0,0.5030933230587553,1,0,0,0,1,-0.0734972469985549,-0.1931247749713673,+
1,0,-0.746780326109278,-0.812133939257408,0,1,0,0,0,1,0,0,0,0,0,0,0,1,0,0,0,0,0,0,0,1,0,0,0,0,0,0,0,-0.1957215730142244,0,1,1,0,-0.302596290570594,1,0,0,0,1,1.3060764032669747,-0.1914102458083537,-
1,0,-0.6977491115240446,1.551884370209288,0,1,0,0,0,1,0,0,0,0,0,0,0,0,0,0,0,0,1,0,0,1,0,0,0,0,0,0,0,-0.6291440232611384,0,1,1,0,-0.1011738871632567,0,1,0,0,1,-1.0724988558115247,0.8645492153676935,-
1,0,0.1264825129691052,-0.4637522936517896,1,0,0,1,0,0,0,1,0,0,0,0,0,0,0,0,0,0,0,0,0,1,0,0,0,0,0,0,0,1.4118007338947065,0,1,0,1,-0.5040186939779314,1,0,0,0,1,0.5925038255434248,-0.1931247749713673,-
1,0,-0.4018710924752215,-0.5632899066819663,0,1,0,0,0,1,0,0,0,0,0,0,0,0,0,0,1,0,0,0,0,1,0,0,0,0,0,0,0,-0.4436035907924252,0,1,0,1,-0.5040186939779314,1,0,0,0,1,-0.5967838039958249,-0.1931247749713673,-
1,0,-0.0780960030589382,-0.4219464961791154,1,0,0,1,0,0,0,0,0,0,1,0,0,0,0,0,0,0,0,0,0,1,0,0,0,0,0,0,0,-0.6291440232611384,0,1,0,1,-0.5040186939779314,1,0,1,0,0,-0.5967838039958249,-0.1931247749713673,-
1,0,-0.4441393809107677,-0.6548645106697288,0,1,0,0,0,1,0,1,0,0,0,0,0,0,0,0,0,0,0,0,0,1,0,0,0,0,0,0,0,-0.6291440232611384,0,1,0,1,-0.5040186939779314,0,1,0,0,1,-0.4778550410418999,-0.1931247749713673,-
1,0,0.063080080315786,1.8256128060422736,1,0,0,1,0,0,0,0,0,0,0,0,0,0,1,0,0,0,0,0,0,0,0,0,0,0,1,0,0,-0.666252109754881,0,1,1,0,-0.1011738871632567,0,1,0,0,1,-0.1210687521801249,-0.1929342717310325,-
1,0,-0.4086340186249088,-0.6130587131970546,1,0,0,1,0,0,0,0,0,0,0,0,0,0,0,0,0,0,1,0,0,1,0,0,0,0,0,0,0,-0.3693874178049399,1,0,1,0,0.5030933230587553,1,0,0,0,1,-0.1210687521801249,0.9074124444430336,+
0,1,-0.2818291533182703,-0.8867871490300405,0,1,0,0,0,1,0,0,0,1,0,0,0,0,0,0,0,0,0,0,0,1,0,0,0,0,0,0,0,-0.4925862649641655,1,0,1,0,0.3016709196514179,0,1,0,0,1,-0.5967838039958249,-0.1931247749713673,+
0,1,-0.902327627552088,0.7306990627103304,0,1,0,0,0,1,0,0,0,0,0,0,0,0,0,0,0,0,1,0,0,1,0,0,0,0,0,0,0,-0.6172694355831407,0,1,0,1,-0.5040186939779314,0,1,0,0,1,-1.0724988558115247,-0.1262581376138366,-
0,1,0.1476166571868783,-0.4637522936517896,1,0,0,1,0,0,0,0,0,0,0,0,0,0,0,0,0,0,1,0,0,1,0,0,0,0,0,0,0,0.0759096201199716,0,1,0,1,-0.5040186939779314,1,0,0,0,1,-1.0724988558115247,-0.1927437684906976,-
1,0,-0.3452315859715896,1.5269999669517438,0,1,0,0,0,1,0,0,0,0,0,0,0,0,0,0,0,0,0,1,0,0,0,0,0,0,0,0,1,-0.5920359367673957,0,1,0,1,-0.5040186939779314,1,0,0,0,1,3.2089366105297747,-0.1931247749713673,-
1,0,0.9786112078297154,-0.8867871490300405,1,0,0,1,0,0,0,0,0,0,0,0,0,0,0,0,0,0,1,0,0,1,0,0,0,0,0,0,0,-0.5549278502736531,1,0,1,0,1.1073605332807674,1,0,0,0,1,0.7114325884973499,-0.1622632500371224,+
1,0,-0.5430471758499459,-0.6210217222394688,0,1,0,0,0,1,1,0,0,0,0,0,0,0,0,0,0,0,0,0,0,1,0,0,0,0,0,0,0,-0.1719723976582291,1,0,1,0,-0.302596290570594,1,0,0,0,1,1.2763442125284936,-0.1893147101646704,+
1,0,0.3445868812965232,-0.812133939257408,0,1,0,0,0,1,0,0,0,0,0,1,0,0,0,0,0,0,0,0,0,1,0,0,0,0,0,0,0,-0.2209550718299694,0,1,0,1,-0.5040186939779314,1,0,0,0,1,0.3011283563063087,-0.1931247749713673,-
1,0,0.4079893139498424,-0.5384055034244222,1,0,0,1,0,0,0,1,0,0,0,0,0,0,0,0,0,0,0,0,0,1,0,0,0,0,0,0,0,-0.641018610939136,1,0,1,0,-0.302596290570594,0,1,0,0,1,-0.7751769484267124,0.0330025713060939,+
1,0,0.2465244521260564,-0.1153706480461713,0,1,0,0,0,1,0,0,0,0,0,0,0,1,0,0,0,0,0,0,0,0,0,0,0,0,0,0,1,0.2985581390824274,1,0,1,0,-0.1011738871632567,0,1,0,0,1,0.5568251966572474,-0.0769177983671117,+
0,1,0.8171463460059295,0.3325486105896237,0,1,0,0,0,1,0,0,0,1,0,0,0,0,0,0,0,0,0,0,0,1,0,0,0,0,0,0,0,-0.5178197637799105,1,0,1,0,0.1002485162440806,1,0,0,0,1,-0.2102653243955687,-0.1931247749713673,+
1,0,-0.5988413165848665,-0.5632899066819663,0,1,0,0,0,1,0,0,0,0,0,0,0,0,0,1,0,0,0,0,0,0,0,0,0,0,0,1,0,-0.6172694355831407,0,1,1,0,-0.1011738871632567,0,1,0,0,1,0.8303613514512749,0.0545294374639315,-
0,1,1.5492331017095884,1.7429965872272275,0,1,0,0,0,1,0,0,0,0,0,1,0,0,0,0,0,0,0,0,0,0,0,0,0,1,0,0,0,1.857097771819618,1,0,0,1,-0.5040186939779314,1,0,0,0,1,-1.0724988558115247,-0.1931247749713673,+
1,0,0.3166898109290629,2.3233008711931573,1,0,0,1,0,0,0,0,0,0,0,0,0,0,0,0,0,0,1,0,0,1,0,0,0,0,0,0,0,0.5212066580448832,1,0,0,1,-0.5040186939779314,0,1,0,0,1,-0.5967838039958249,-0.1931247749713673,-
1,0,0.929579993244482,0.0170143772839636,1,0,0,1,0,0,0,1,0,0,0,0,0,0,0,0,0,0,0,0,0,1,0,0,0,0,0,0,0,0.2733246402666824,1,0,0,1,-0.5040186939779314,1,0,0,0,1,-0.7632840721313199,0.0815808975914795,+
0,1,1.7259145473701716,0.3325486105896237,0,1,0,0,0,1,0,0,0,0,0,0,0,1,0,0,0,0,0,0,0,0,0,0,0,0,0,0,1,0.2495754649106871,0,1,0,1,-0.5040186939779314,1,0,0,0,1,-0.6384088710296986,-0.1931247749713673,-
1,0,-1.232865643118059,-0.8947501580724546,1,0,0,1,0,0,0,0,0,0,0,1,0,0,0,0,0,0,0,0,0,1,0,0,0,0,0,0,0,-0.5801613490893981,0,1,0,1,-0.5040186939779314,0,1,1,0,0,0.1167887737277249,-0.1931247749713673,-
0,1,-1.3106392938394638,-0.9285929465027148,0,1,0,0,0,1,0,0,0,0,0,0,0,0,0,0,0,0,0,1,0,1,0,0,0,0,0,0,0,-0.3693874178049399,0,1,1,0,-0.1011738871632567,1,0,0,0,1,0.8303613514512749,-0.1929342717310325,-
1,0,-0.9369876240692356,0.4320862236198003,0,1,0,0,0,1,0,0,0,0,0,0,0,0,0,0,0,0,1,0,0,1,0,0,0,0,0,0,0,-0.1838469853362268,1,0,1,0,0.1002485162440806,0,1,0,0,1,0.1167887737277249,0.0718652323344024,+
0,1,-1.155937358165365,1.2283871278612135,0,1,0,0,0,1,1,0,0,0,0,0,0,0,0,0,0,0,0,0,0,0,0,0,0,1,0,0,0,-0.3693874178049399,1,0,1,0,1.7116277435027794,0,1,0,0,1,-1.0724988558115247,0.3783849460331684,+
1,0,-0.7121203295921305,-0.4637522936517896,0,1,0,0,0,1,0,0,0,0,0,0,0,0,0,0,0,0,1,0,0,1,0,0,0,0,0,0,0,-0.3441539189891949,1,0,1,0,1.7116277435027794,1,0,0,0,1,-0.7157125669497498,0.2229343019199346,+
1,0,0.1755137275543386,-0.4139834871367013,0,1,0,0,0,1,0,0,0,0,1,0,0,0,0,0,0,0,0,0,0,1,0,0,0,0,0,0,0,0.5954228310323685,1,0,1,0,0.7045157264660926,0,1,0,0,1,0.1405745263185099,-0.1931247749713673,+
1,0,-1.021524200940328,0.4818550301348887,0,1,0,0,0,1,0,0,0,0,1,0,0,0,0,0,0,0,0,0,0,1,0,0,0,0,0,0,0,-0.6543775220768834,0,1,1,0,-0.302596290570594,0,1,0,0,1,-0.4778550410418999,-0.1929342717310325,-
1,0,-0.8735851914159164,-0.961440358802673,0,1,0,0,0,1,0,0,0,0,0,0,0,0,0,0,0,0,1,0,0,1,0,0,0,0,0,0,0,-0.5178197637799105,0,1,0,1,-0.5040186939779314,1,0,1,0,0,-1.0724988558115247,-0.1931247749713673,-
1,0,0.5068971088890206,-0.7374807294847755,1,0,0,1,0,0,0,0,0,0,0,0,0,0,0,0,1,0,0,0,0,1,0,0,0,0,0,0,0,-0.2209550718299694,0,1,0,1,-0.5040186939779314,1,0,0,0,1,1.4904159858455586,-0.1931247749713673,+
1,0,-0.7890486145448241,-0.8449813515573663,1,0,0,1,0,0,0,0,0,0,0,0,0,0,1,0,0,0,0,0,0,0,0,0,0,0,1,0,0,-0.666252109754881,0,1,0,1,-0.5040186939779314,0,1,0,0,1,-0.4778550410418999,-0.1931247749713673,-
1,0,-1.2962680757713778,-0.9534773497602588,0,1,0,0,0,1,0,0,0,0,0,0,0,0,0,0,0,0,1,0,0,1,0,0,0,0,0,0,0,-0.6543775220768834,0,1,0,1,-0.5040186939779314,0,1,0,0,1,-1.0724988558115247,-0.1931247749713673,+
1,0,-0.7400173999595907,1.3279247408913903,0,1,0,0,0,1,0,0,0,0,0,0,0,1,0,0,0,0,0,0,0,1,0,0,0,0,0,0,0,-0.5430532625956555,0,1,0,1,-0.5040186939779314,0,1,0,0,1,-1.0724988558115247,-0.1931247749713673,-
1,0,-0.310571589454442,-0.1651394545612596,1,0,0,1,0,0,0,0,0,0,0,0,0,1,0,0,0,0,0,0,0,0,0,0,0,1,0,0,0,1.04071986895728,1,0,1,0,-0.1011738871632567,1,0,0,0,1,-0.6265159947343061,-0.1931247749713673,-
1,0,-1.2193397908186845,-0.3064828650641105,0,1,0,0,0,1,0,0,0,0,0,0,0,1,0,0,0,0,0,0,0,1,0,0,0,0,0,0,0,-0.5668024379516508,0,1,0,1,-0.5040186939779314,1,0,0,0,1,-0.2399975151340499,-0.1927437684906976,-
0,1,-1.2827422234720034,-0.9196345613299988,0,1,0,0,0,1,0,0,0,0,0,0,0,0,0,0,0,0,0,1,0,1,0,0,0,0,0,0,0,-0.6291440232611384,0,1,0,1,-0.5040186939779314,0,1,0,0,1,0.1167887737277249,-0.1929342717310325,-
1,0,0.669207336481518,-0.6210217222394688,1,0,0,1,0,0,0,0,0,0,1,0,0,0,0,0,0,0,0,0,0,1,0,0,0,0,0,0,0,-0.6172694355831407,0,1,0,1,-0.5040186939779314,0,1,1,0,0,1.3060764032669747,-0.1931247749713673,-
0,1,0.4291234581676155,-0.9037085432451704,0,1,0,0,0,1,0,0,0,0,0,0,0,0,1,0,0,0,0,0,0,0,0,0,0,0,1,0,0,-0.666252109754881,0,1,1,0,1.510205340095442,0,1,0,0,1,0.1167887737277249,-0.1896957166453401,-
1,0,1.436799454471036,-0.1153706480461713,0,1,0,0,0,1,0,0,0,0,1,0,0,0,0,0,0,0,0,0,0,1,0,0,0,0,0,0,0,-0.6291440232611384,1,0,0,1,-0.5040186939779314,1,0,0,0,1,0.2654497274201312,-0.1931247749713673,+
0,1,-0.4585105989788535,0.7635464750102885,0,1,0,0,0,1,0,0,0,0,0,0,0,0,0,0,0,0,0,1,0,1,0,0,0,0,0,0,0,-0.2461885706457144,1,0,0,1,-0.5040186939779314,0,1,0,0,1,-0.1210687521801249,-0.1645492889211405,+
0,1,-1.1483290662469663,-0.8539397367300822,0,1,0,0,0,1,0,0,0,0,0,0,0,0,0,0,0,0,1,0,0,1,0,0,0,0,0,0,0,-0.1467388988424841,0,1,1,0,-0.302596290570594,1,0,0,0,1,-0.5967838039958249,-0.1921722587696931,-
1,0,-0.5498101019996331,1.427462353921567,0,1,0,0,0,1,0,0,0,0,0,1,0,0,0,0,0,0,0,0,0,1,0,0,0,0,0,0,0,0.0016934471324863,1,0,1,0,-0.1011738871632567,1,0,0,0,1,-0.3589262780879749,-0.1921722587696931,-
1,0,-1.2895051496216907,-0.961440358802673,1,0,0,1,0,0,0,0,0,0,0,0,0,0,0,0,0,0,0,1,0,1,0,0,0,0,0,0,0,-0.5920359367673957,0,1,0,1,-0.5040186939779314,0,1,0,0,1,-0.7157125669497498,-0.1931247749713673,-
1,0,0.4367317500860141,-0.5632899066819663,0,1,0,0,0,1,0,0,0,0,0,0,0,1,0,0,0,0,0,0,0,1,0,0,0,0,0,0,0,-0.5920359367673957,0,1,0,1,-0.5040186939779314,1,0,0,0,1,0.2416639748293462,-0.1931247749713673,-
1,0,0.2321532340579706,-0.6130587131970546,0,1,0,0,0,1,0,1,0,0,0,0,0,0,0,0,0,0,0,0,0,0,0,0,0,0,0,0,1,-0.5920359367673957,1,0,0,1,-0.5040186939779314,1,0,0,0,1,-0.1032294377370362,-0.1931247749713673,-
0,1,-0.9369876240692356,-0.795212545042278,0,1,0,0,0,1,0,0,0,1,0,0,0,0,0,0,0,0,0,0,0,1,0,0,0,0,0,0,0,-0.1957215730142244,1,0,1,0,-0.302596290570594,0,1,0,0,1,-1.0724988558115247,-0.1931247749713673,+
1,0,1.697172111234,2.024688032102627,0,1,0,0,0,1,0,0,0,0,0,0,0,0,0,0,0,0,1,0,0,1,0,0,0,0,0,0,0,1.857097771819618,1,0,1,0,1.3087829366881047,0,1,0,0,1,-1.0724988558115247,-0.1931247749713673,+
1,0,0.851806342523077,-0.6130587131970546,0,1,0,0,0,1,0,0,0,0,0,1,0,0,0,0,0,0,0,0,0,1,0,0,0,0,0,0,0,-0.6039105244453934,1,0,0,1,-0.5040186939779314,0,1,0,0,1,-0.1210687521801249,-0.1931247749713673,-
1,0,1.521336031342128,0.5485452308651071,0,1,0,0,0,1,0,0,0,0,0,0,0,1,0,0,0,0,0,0,0,0,0,0,0,0,0,0,1,1.5854665786854218,1,0,1,0,2.517317357132129,1,0,0,0,1,-1.0724988558115247,0.759391426702859,+
1,0,-0.7755227622454497,1.2283871278612135,0,1,0,0,0,1,0,1,0,0,0,0,0,0,0,0,0,0,0,0,0,1,0,0,0,0,0,0,0,-0.0725227258549988,1,0,1,0,-0.302596290570594,0,1,0,0,1,-0.5967838039958249,-0.1401648741582803,+
1,0,1.0775190027688937,1.2283871278612135,1,0,0,1,0,0,0,0,0,0,0,0,0,0,0,0,1,0,0,0,0,1,0,0,0,0,0,0,0,-0.2209550718299694,1,0,0,1,-0.5040186939779314,0,1,1,0,0,-1.0724988558115247,-0.1931247749713673,-
1,0,0.0985854426016449,0.1334733845292703,0,1,0,0,0,1,0,0,0,1,0,0,0,0,0,0,0,0,0,0,0,0,0,0,0,1,0,0,0,0.9665036959697948,1,0,1,0,1.9130501469101169,1,0,0,0,1,1.3536479084485449,-0.002621534636522,+
0,1,1.774945761955405,0.4320862236198003,0,1,0,0,0,1,0,0,0,0,0,0,0,0,0,0,0,0,0,1,0,0,0,0,0,1,0,0,0,0.2243419660949422,0,1,0,1,-0.5040186939779314,0,1,0,0,1,-1.0724988558115247,-0.1931247749713673,-
1,0,-0.2750662271685831,0.0588201747566378,0,1,0,0,0,1,1,0,0,0,0,0,0,0,0,0,0,0,0,0,0,1,0,0,0,0,0,0,0,0.743855177007339,1,0,1,0,-0.1011738871632567,0,1,0,0,1,1.4250051662208998,-0.1917912522890234,+
1,0,-0.80341983261291,-0.8041709302149939,0,1,0,0,0,1,0,1,0,0,0,0,0,0,0,0,0,0,0,0,0,1,0,0,0,0,0,0,0,-0.5801613490893981,0,1,1,0,-0.302596290570594,0,1,0,0,1,1.4250051662208998,-0.1392123579566061,-
1,0,1.4089023841035755,0.5565082399075212,0,1,0,0,0,1,0,1,0,0,0,0,0,0,0,0,0,0,0,0,0,0,0,0,0,1,0,0,0,3.9351506154692055,1,0,1,0,1.9130501469101169,0,1,0,0,1,-1.0724988558115247,-0.0426272151068395,+
1,0,-0.0704877111405396,-0.4637522936517896,0,1,0,0,0,1,0,0,0,0,0,0,0,0,0,0,0,1,0,0,0,0,0,0,0,1,0,0,0,0.0016934471324863,0,1,0,1,-0.5040186939779314,1,0,1,0,0,0.9492901144051998,-0.1931247749713673,-
